,WellName,Date,Concentration
0,1021 Westview Way,2020-12-31,0.0
1,1021 Westview Way,2021-12-31,0.0
2,1021 Westview Way,2022-12-31,0.0
3,1021 Westview Way,2023-12-31,0.0
4,1021 Westview Way,2024-12-31,0.0
5,1049 Westview Way,2020-12-31,0.0
6,1049 Westview Way,2021-12-31,0.0
7,1049 Westview Way,2022-12-31,0.0
8,1049 Westview Way,2023-12-31,0.0
9,1049 Westview Way,2024-12-31,0.0
10,105 Myrtle,2020-12-31,0.0
11,105 Myrtle,2021-12-31,0.0
12,105 Myrtle,2022-12-31,0.0
13,105 Myrtle,2023-12-31,0.0
14,105 Myrtle,2024-12-31,0.0
15,1052 Westview Way,2020-12-31,0.0
16,1052 Westview Way,2021-12-31,0.0
17,1052 Westview Way,2022-12-31,0.0
18,1052 Westview Way,2023-12-31,0.0
19,1052 Westview Way,2024-12-31,0.0
20,1080 Westview Way,2020-12-31,0.0
21,1080 Westview Way,2021-12-31,0.0
22,1080 Westview Way,2022-12-31,0.0
23,1080 Westview Way,2023-12-31,0.0
24,1080 Westview Way,2024-12-31,0.0
25,110 Parkland Plaza,2020-12-31,2.3548273450626014
26,110 Parkland Plaza,2021-12-31,1.979874152913561
27,110 Parkland Plaza,2022-12-31,1.6211052562887784
28,110 Parkland Plaza,2023-12-31,1.2759469311072482
29,110 Parkland Plaza,2024-12-31,0.9415287954823588
30,1105 Westview Way,2020-12-31,0.0
31,1105 Westview Way,2021-12-31,0.0
32,1105 Westview Way,2022-12-31,0.0
33,1105 Westview Way,2023-12-31,0.0
34,1105 Westview Way,2024-12-31,0.0
35,1108 Westview Way,2020-12-31,0.0
36,1108 Westview Way,2021-12-31,0.0
37,1108 Westview Way,2022-12-31,0.0
38,1108 Westview Way,2023-12-31,0.0
39,1108 Westview Way,2024-12-31,0.0
40,1130 Westview Way,2020-12-31,0.0
41,1130 Westview Way,2021-12-31,0.0
42,1130 Westview Way,2022-12-31,0.0
43,1130 Westview Way,2023-12-31,0.0
44,1130 Westview Way,2024-12-31,0.0
45,114 Myrtle,2020-12-31,0.0
46,114 Myrtle,2021-12-31,0.0
47,114 Myrtle,2022-12-31,0.0
48,114 Myrtle,2023-12-31,0.0
49,114 Myrtle,2024-12-31,0.0
50,1149 Southwood Ct,2020-12-31,0.0
51,1149 Southwood Ct,2021-12-31,0.0
52,1149 Southwood Ct,2022-12-31,0.0
53,1149 Southwood Ct,2023-12-31,0.0
54,1149 Southwood Ct,2024-12-31,0.0
55,116 LUELLA ST,2020-12-31,0.0
56,116 LUELLA ST,2021-12-31,0.0
57,116 LUELLA ST,2022-12-31,0.0
58,116 LUELLA ST,2023-12-31,0.0
59,116 LUELLA ST,2024-12-31,0.0
60,131 Myrtle,2020-12-31,0.0
61,131 Myrtle,2021-12-31,0.0
62,131 Myrtle,2022-12-31,0.0
63,131 Myrtle,2023-12-31,0.0
64,131 Myrtle,2024-12-31,0.0
65,170 Aprill,2020-12-31,3.8582005068673753
66,170 Aprill,2021-12-31,1.2396294867160913
67,170 Aprill,2022-12-31,0.0
68,170 Aprill,2023-12-31,0.0
69,170 Aprill,2024-12-31,0.0
70,175 Jackson Plaza,2020-12-31,775.4331913475081
71,175 Jackson Plaza,2021-12-31,784.7150765229977
72,175 Jackson Plaza,2022-12-31,789.7945736937196
73,175 Jackson Plaza,2023-12-31,792.4980370349081
74,175 Jackson Plaza,2024-12-31,793.9148998258273
75,2100 South Wagner Rd,2020-12-31,0.0
76,2100 South Wagner Rd,2021-12-31,0.0
77,2100 South Wagner Rd,2022-12-31,0.0
78,2100 South Wagner Rd,2023-12-31,0.0
79,2100 South Wagner Rd,2024-12-31,0.0
80,2340 Dexter Rd,2020-12-31,457.956528623834
81,2340 Dexter Rd,2021-12-31,460.8267036003521
82,2340 Dexter Rd,2022-12-31,464.3110408687935
83,2340 Dexter Rd,2023-12-31,467.48829699751775
84,2340 Dexter Rd,2024-12-31,470.6742591988034
85,2575 Valley,2020-12-31,60.97131834646463
86,2575 Valley,2021-12-31,59.56049567702961
87,2575 Valley,2022-12-31,57.87352259004791
88,2575 Valley,2023-12-31,56.04829178032676
89,2575 Valley,2024-12-31,54.2288759949568
90,2588 Dexter Rd,2020-12-31,0.0
91,2588 Dexter Rd,2021-12-31,0.0
92,2588 Dexter Rd,2022-12-31,0.0
93,2588 Dexter Rd,2023-12-31,0.0
94,2588 Dexter Rd,2024-12-31,0.0
95,2601 Dexter Rd,2020-12-31,3.0261392110661367
96,2601 Dexter Rd,2021-12-31,3.0085952232373905
97,2601 Dexter Rd,2022-12-31,2.9960729989815063
98,2601 Dexter Rd,2023-12-31,2.996856932250045
99,2601 Dexter Rd,2024-12-31,3.00108728789501
100,2643 Dexter Rd,2020-12-31,0.0
101,2643 Dexter Rd,2021-12-31,0.0
102,2643 Dexter Rd,2022-12-31,0.0
103,2643 Dexter Rd,2023-12-31,0.0
104,2643 Dexter Rd,2024-12-31,0.0
105,2652 Dexter Rd,2020-12-31,655.0056459600753
106,2652 Dexter Rd,2021-12-31,673.6210327057989
107,2652 Dexter Rd,2022-12-31,686.2983430397499
108,2652 Dexter Rd,2023-12-31,583.7544167243647
109,2652 Dexter Rd,2024-12-31,583.3495011057711
110,2678 Valley,2020-12-31,0.0
111,2678 Valley,2021-12-31,0.0
112,2678 Valley,2022-12-31,0.0
113,2678 Valley,2023-12-31,0.0
114,2678 Valley,2024-12-31,0.0
115,2690 Dexter Rd,2020-12-31,454.443169501639
116,2690 Dexter Rd,2021-12-31,454.443169501639
117,2690 Dexter Rd,2022-12-31,454.443169501639
118,2690 Dexter Rd,2023-12-31,454.443169501639
119,2690 Dexter Rd,2024-12-31,454.443169501639
120,2700 Dexter Rd,2020-12-31,454.5163517204591
121,2700 Dexter Rd,2021-12-31,453.931339927184
122,2700 Dexter Rd,2022-12-31,453.51480573887534
123,2700 Dexter Rd,2023-12-31,454.3554014180423
124,2700 Dexter Rd,2024-12-31,454.2710226546425
125,2805 Dexter Rd,2020-12-31,213.52438957752065
126,2805 Dexter Rd,2021-12-31,219.0496748443672
127,2805 Dexter Rd,2022-12-31,231.2175216081436
128,2805 Dexter Rd,2023-12-31,271.2801782868043
129,2805 Dexter Rd,2024-12-31,282.1971586294955
130,2819 Dexter Rd,2020-12-31,131.5339455092933
131,2819 Dexter Rd,2021-12-31,83.92548455432174
132,2819 Dexter Rd,2022-12-31,43.11229272166792
133,2819 Dexter Rd,2023-12-31,10.32695091342778
134,2819 Dexter Rd,2024-12-31,0.0
135,2828 Dexter Rd,2020-12-31,54.50363766237158
136,2828 Dexter Rd,2021-12-31,53.643206439139256
137,2828 Dexter Rd,2022-12-31,52.75819146670192
138,2828 Dexter Rd,2023-12-31,51.848592745059584
139,2828 Dexter Rd,2024-12-31,50.91441027421224
140,287 Jackson Plaza,2020-12-31,0.0
141,287 Jackson Plaza,2021-12-31,0.0
142,287 Jackson Plaza,2022-12-31,0.0
143,287 Jackson Plaza,2023-12-31,0.0
144,287 Jackson Plaza,2024-12-31,0.0
145,2950 Valley,2020-12-31,0.0
146,2950 Valley,2021-12-31,0.0
147,2950 Valley,2022-12-31,0.0
148,2950 Valley,2023-12-31,0.0
149,2950 Valley,2024-12-31,0.0
150,300 Glenwood,2020-12-31,0.0
151,300 Glenwood,2021-12-31,0.0
152,300 Glenwood,2022-12-31,0.0
153,300 Glenwood,2023-12-31,0.0
154,300 Glenwood,2024-12-31,0.0
155,304 W DELHI RD,2020-12-31,0.0
156,304 W DELHI RD,2021-12-31,0.0
157,304 W DELHI RD,2022-12-31,0.0
158,304 W DELHI RD,2023-12-31,0.0
159,304 W DELHI RD,2024-12-31,0.0
160,3041 Dexter Rd,2020-12-31,352.60017811805363
161,3041 Dexter Rd,2021-12-31,678.4699810136702
162,3041 Dexter Rd,2022-12-31,1003.533924450947
163,3041 Dexter Rd,2023-12-31,1329.0954130247844
164,3041 Dexter Rd,2024-12-31,1653.8430011713424
165,305 Pinewood,2020-12-31,0.0
166,305 Pinewood,2021-12-31,0.0
167,305 Pinewood,2022-12-31,0.0
168,305 Pinewood,2023-12-31,0.0
169,305 Pinewood,2024-12-31,0.0
170,3050 Jackson Rd,2020-12-31,180.899385746414
171,3050 Jackson Rd,2021-12-31,180.899385746414
172,3050 Jackson Rd,2022-12-31,180.899385746414
173,3050 Jackson Rd,2023-12-31,180.899385746414
174,3050 Jackson Rd,2024-12-31,180.899385746414
175,310 W DELHI RD,2020-12-31,0.0
176,310 W DELHI RD,2021-12-31,0.0
177,310 W DELHI RD,2022-12-31,0.0
178,310 W DELHI RD,2023-12-31,0.0
179,310 W DELHI RD,2024-12-31,0.0
180,3161 Dexter Rd,2020-12-31,0.0
181,3161 Dexter Rd,2021-12-31,0.0
182,3161 Dexter Rd,2022-12-31,0.0
183,3161 Dexter Rd,2023-12-31,0.0
184,3161 Dexter Rd,2024-12-31,0.0
185,3210 Stowe ST,2020-12-31,0.0
186,3210 Stowe ST,2021-12-31,0.0
187,3210 Stowe ST,2022-12-31,0.0
188,3210 Stowe ST,2023-12-31,0.0
189,3210 Stowe ST,2024-12-31,0.0
190,3225 Dexter Rd,2020-12-31,0.0
191,3225 Dexter Rd,2021-12-31,0.0
192,3225 Dexter Rd,2022-12-31,0.0
193,3225 Dexter Rd,2023-12-31,0.0
194,3225 Dexter Rd,2024-12-31,0.0
195,3245 Kingwood,2020-12-31,3.0221573630556056
196,3245 Kingwood,2021-12-31,2.938078266766692
197,3245 Kingwood,2022-12-31,2.8563383254533528
198,3245 Kingwood,2023-12-31,2.776872461751044
199,3245 Kingwood,2024-12-31,2.6996174088051785
200,3249 Dexter Rd,2020-12-31,0.0
201,3249 Dexter Rd,2021-12-31,0.0
202,3249 Dexter Rd,2022-12-31,0.0
203,3249 Dexter Rd,2023-12-31,0.0
204,3249 Dexter Rd,2024-12-31,0.0
205,325 W DELHI RD,2020-12-31,0.0
206,325 W DELHI RD,2021-12-31,0.0
207,325 W DELHI RD,2022-12-31,0.0
208,325 W DELHI RD,2023-12-31,0.0
209,325 W DELHI RD,2024-12-31,0.0
210,3250 Kingwood,2020-12-31,27.9288097583035
211,3250 Kingwood,2021-12-31,29.07052467467635
212,3250 Kingwood,2022-12-31,29.62883625457052
213,3250 Kingwood,2023-12-31,31.140156484727747
214,3250 Kingwood,2024-12-31,32.82111612069112
215,3250 West Liberty Rd,2020-12-31,0.0
216,3250 West Liberty Rd,2021-12-31,0.0
217,3250 West Liberty Rd,2022-12-31,0.0
218,3250 West Liberty Rd,2023-12-31,0.0
219,3250 West Liberty Rd,2024-12-31,0.0
220,3261 Dexter Rd,2020-12-31,0.0
221,3261 Dexter Rd,2021-12-31,0.0
222,3261 Dexter Rd,2022-12-31,0.0
223,3261 Dexter Rd,2023-12-31,0.0
224,3261 Dexter Rd,2024-12-31,0.0
225,33-37 Burton,2020-12-31,0.0
226,33-37 Burton,2021-12-31,0.0
227,33-37 Burton,2022-12-31,0.0
228,33-37 Burton,2023-12-31,0.0
229,33-37 Burton,2024-12-31,0.0
230,3305 West Liberty,2020-12-31,0.0
231,3305 West Liberty,2021-12-31,0.0
232,3305 West Liberty,2022-12-31,0.0
233,3305 West Liberty,2023-12-31,0.0
234,3305 West Liberty,2024-12-31,0.0
235,3328 Dexter Rd,2020-12-31,0.0
236,3328 Dexter Rd,2021-12-31,0.0
237,3328 Dexter Rd,2022-12-31,0.0
238,3328 Dexter Rd,2023-12-31,0.0
239,3328 Dexter Rd,2024-12-31,0.0
240,333 Jackson Plaza,2020-12-31,27.613463577253665
241,333 Jackson Plaza,2021-12-31,27.49452351537891
242,333 Jackson Plaza,2022-12-31,27.41011004124907
243,333 Jackson Plaza,2023-12-31,27.36886382674172
244,333 Jackson Plaza,2024-12-31,27.36818679816692
245,3340 West Liberty Rd,2020-12-31,0.0
246,3340 West Liberty Rd,2021-12-31,0.0
247,3340 West Liberty Rd,2022-12-31,0.0
248,3340 West Liberty Rd,2023-12-31,0.0
249,3340 West Liberty Rd,2024-12-31,0.0
250,3365 Jackson Rd,2020-12-31,174.89667211687373
251,3365 Jackson Rd,2021-12-31,168.64968529786032
252,3365 Jackson Rd,2022-12-31,155.83271849779928
253,3365 Jackson Rd,2023-12-31,157.16728497419257
254,3365 Jackson Rd,2024-12-31,154.169223159629
255,3421 Stowe St,2020-12-31,0.0
256,3421 Stowe St,2021-12-31,0.0
257,3421 Stowe St,2022-12-31,0.0
258,3421 Stowe St,2023-12-31,0.0
259,3421 Stowe St,2024-12-31,0.0
260,3424 Stowe St,2020-12-31,0.0
261,3424 Stowe St,2021-12-31,0.0
262,3424 Stowe St,2022-12-31,0.0
263,3424 Stowe St,2023-12-31,0.0
264,3424 Stowe St,2024-12-31,0.0
265,3432 Ferry St,2020-12-31,0.0
266,3432 Ferry St,2021-12-31,0.0
267,3432 Ferry St,2022-12-31,0.0
268,3432 Ferry St,2023-12-31,0.0
269,3432 Ferry St,2024-12-31,0.0
270,345 W DELHI RD,2020-12-31,0.0
271,345 W DELHI RD,2021-12-31,0.0
272,345 W DELHI RD,2022-12-31,0.0
273,345 W DELHI RD,2023-12-31,0.0
274,345 W DELHI RD,2024-12-31,0.0
275,3459 Ferry St,2020-12-31,0.0
276,3459 Ferry St,2021-12-31,0.0
277,3459 Ferry St,2022-12-31,0.0
278,3459 Ferry St,2023-12-31,0.0
279,3459 Ferry St,2024-12-31,0.0
280,3460 DEXTER RD,2020-12-31,0.0
281,3460 DEXTER RD,2021-12-31,0.0
282,3460 DEXTER RD,2022-12-31,0.0
283,3460 DEXTER RD,2023-12-31,0.0
284,3460 DEXTER RD,2024-12-31,0.0
285,3480 Dexter Rd,2020-12-31,0.0
286,3480 Dexter Rd,2021-12-31,0.0
287,3480 Dexter Rd,2022-12-31,0.0
288,3480 Dexter Rd,2023-12-31,0.0
289,3480 Dexter Rd,2024-12-31,0.0
290,350 Rose,2020-12-31,25.0
291,350 Rose,2021-12-31,25.0
292,350 Rose,2022-12-31,25.0
293,350 Rose,2023-12-31,25.0
294,350 Rose,2024-12-31,25.0
295,3500 ELIZABETH RD,2020-12-31,0.0
296,3500 ELIZABETH RD,2021-12-31,0.0
297,3500 ELIZABETH RD,2022-12-31,0.0
298,3500 ELIZABETH RD,2023-12-31,0.0
299,3500 ELIZABETH RD,2024-12-31,0.0
300,3530 ELIZABETH RD,2020-12-31,0.0
301,3530 ELIZABETH RD,2021-12-31,0.0
302,3530 ELIZABETH RD,2022-12-31,0.0
303,3530 ELIZABETH RD,2023-12-31,0.0
304,3530 ELIZABETH RD,2024-12-31,0.0
305,3535 Dexter Rd,2020-12-31,0.0
306,3535 Dexter Rd,2021-12-31,0.0
307,3535 Dexter Rd,2022-12-31,0.0
308,3535 Dexter Rd,2023-12-31,0.0
309,3535 Dexter Rd,2024-12-31,0.0
310,354 Pinewood,2020-12-31,0.0
311,354 Pinewood,2021-12-31,0.0
312,354 Pinewood,2022-12-31,0.0
313,354 Pinewood,2023-12-31,0.0
314,354 Pinewood,2024-12-31,0.0
315,355 W Delhi Rd,2020-12-31,0.0
316,355 W Delhi Rd,2021-12-31,0.0
317,355 W Delhi Rd,2022-12-31,0.0
318,355 W Delhi Rd,2023-12-31,0.0
319,355 W Delhi Rd,2024-12-31,0.0
320,3550 Elizabeth,2020-12-31,0.0
321,3550 Elizabeth,2021-12-31,0.0
322,3550 Elizabeth,2022-12-31,0.0
323,3550 Elizabeth,2023-12-31,0.0
324,3550 Elizabeth,2024-12-31,0.0
325,3563 ELIZABETH RD,2020-12-31,2.1101420493680063
326,3563 ELIZABETH RD,2021-12-31,2.180550860603596
327,3563 ELIZABETH RD,2022-12-31,2.053835916102042
328,3563 ELIZABETH RD,2023-12-31,2.05336284931536
329,3563 ELIZABETH RD,2024-12-31,2.112103130244254
330,3565 Dexter Rd,2020-12-31,0.0
331,3565 Dexter Rd,2021-12-31,0.0
332,3565 Dexter Rd,2022-12-31,0.0
333,3565 Dexter Rd,2023-12-31,0.0
334,3565 Dexter Rd,2024-12-31,0.0
335,3573 ELIZABETH RD,2020-12-31,0.0
336,3573 ELIZABETH RD,2021-12-31,0.0
337,3573 ELIZABETH RD,2022-12-31,0.0
338,3573 ELIZABETH RD,2023-12-31,0.0
339,3573 ELIZABETH RD,2024-12-31,0.0
340,3574 ELIZABETH RD,2020-12-31,0.0
341,3574 ELIZABETH RD,2021-12-31,0.0
342,3574 ELIZABETH RD,2022-12-31,0.0
343,3574 ELIZABETH RD,2023-12-31,0.0
344,3574 ELIZABETH RD,2024-12-31,0.0
345,3586 ELIZABETH RD,2020-12-31,0.0
346,3586 ELIZABETH RD,2021-12-31,0.0
347,3586 ELIZABETH RD,2022-12-31,0.0
348,3586 ELIZABETH RD,2023-12-31,0.0
349,3586 ELIZABETH RD,2024-12-31,0.0
350,359 Pinewood,2020-12-31,47.1827819751981
351,359 Pinewood,2021-12-31,47.58718893294426
352,359 Pinewood,2022-12-31,48.233920182116165
353,359 Pinewood,2023-12-31,49.102032607771285
354,359 Pinewood,2024-12-31,50.49854986152736
355,359 South Wagner Rd,2020-12-31,0.0
356,359 South Wagner Rd,2021-12-31,0.0
357,359 South Wagner Rd,2022-12-31,0.0
358,359 South Wagner Rd,2023-12-31,0.0
359,359 South Wagner Rd,2024-12-31,0.0
360,359 W Delhi Rd,2020-12-31,0.0
361,359 W Delhi Rd,2021-12-31,0.0
362,359 W Delhi Rd,2022-12-31,0.0
363,359 W Delhi Rd,2023-12-31,0.0
364,359 W Delhi Rd,2024-12-31,0.0
365,360 W DELHI RD,2020-12-31,0.0
366,360 W DELHI RD,2021-12-31,0.0
367,360 W DELHI RD,2022-12-31,0.0
368,360 W DELHI RD,2023-12-31,0.0
369,360 W DELHI RD,2024-12-31,0.0
370,3600 ELIZABETH RD,2020-12-31,0.0
371,3600 ELIZABETH RD,2021-12-31,0.0
372,3600 ELIZABETH RD,2022-12-31,0.0
373,3600 ELIZABETH RD,2023-12-31,0.0
374,3600 ELIZABETH RD,2024-12-31,0.0
375,3601 ELIZABETH RD,2020-12-31,0.0
376,3601 ELIZABETH RD,2021-12-31,0.0
377,3601 ELIZABETH RD,2022-12-31,0.0
378,3601 ELIZABETH RD,2023-12-31,0.0
379,3601 ELIZABETH RD,2024-12-31,0.0
380,3615 Dexter Rd,2020-12-31,0.0
381,3615 Dexter Rd,2021-12-31,0.0
382,3615 Dexter Rd,2022-12-31,0.0
383,3615 Dexter Rd,2023-12-31,0.0
384,3615 Dexter Rd,2024-12-31,0.0
385,3615 ELIZABETH RD,2020-12-31,0.0
386,3615 ELIZABETH RD,2021-12-31,0.0
387,3615 ELIZABETH RD,2022-12-31,0.0
388,3615 ELIZABETH RD,2023-12-31,0.0
389,3615 ELIZABETH RD,2024-12-31,0.0
390,3618 ELIZABETH RD,2020-12-31,0.0
391,3618 ELIZABETH RD,2021-12-31,0.0
392,3618 ELIZABETH RD,2022-12-31,0.0
393,3618 ELIZABETH RD,2023-12-31,0.0
394,3618 ELIZABETH RD,2024-12-31,0.0
395,3627 Dexter Rd,2020-12-31,0.0
396,3627 Dexter Rd,2021-12-31,0.0
397,3627 Dexter Rd,2022-12-31,0.0
398,3627 Dexter Rd,2023-12-31,0.0
399,3627 Dexter Rd,2024-12-31,0.0
400,3627 ELIZABETH RD,2020-12-31,0.0
401,3627 ELIZABETH RD,2021-12-31,0.0
402,3627 ELIZABETH RD,2022-12-31,0.0
403,3627 ELIZABETH RD,2023-12-31,0.0
404,3627 ELIZABETH RD,2024-12-31,0.0
405,3639 ELIZABETH RD,2020-12-31,0.0
406,3639 ELIZABETH RD,2021-12-31,0.0
407,3639 ELIZABETH RD,2022-12-31,0.0
408,3639 ELIZABETH RD,2023-12-31,0.0
409,3639 ELIZABETH RD,2024-12-31,0.0
410,3652 Elizabeth Rd,2020-12-31,0.0
411,3652 Elizabeth Rd,2021-12-31,0.0
412,3652 Elizabeth Rd,2022-12-31,0.0
413,3652 Elizabeth Rd,2023-12-31,0.0
414,3652 Elizabeth Rd,2024-12-31,0.0
415,3669 ELIZABETH RD,2020-12-31,0.0
416,3669 ELIZABETH RD,2021-12-31,0.0
417,3669 ELIZABETH RD,2022-12-31,0.0
418,3669 ELIZABETH RD,2023-12-31,0.0
419,3669 ELIZABETH RD,2024-12-31,0.0
420,367 W DELHI RD,2020-12-31,0.0
421,367 W DELHI RD,2021-12-31,0.0
422,367 W DELHI RD,2022-12-31,0.0
423,367 W DELHI RD,2023-12-31,0.0
424,367 W DELHI RD,2024-12-31,0.0
425,3685 Dexter Rd,2020-12-31,0.0
426,3685 Dexter Rd,2021-12-31,0.0
427,3685 Dexter Rd,2022-12-31,0.0
428,3685 Dexter Rd,2023-12-31,0.0
429,3685 Dexter Rd,2024-12-31,0.0
430,3686 ELIZABETH RD,2020-12-31,0.0
431,3686 ELIZABETH RD,2021-12-31,0.0
432,3686 ELIZABETH RD,2022-12-31,0.0
433,3686 ELIZABETH RD,2023-12-31,0.0
434,3686 ELIZABETH RD,2024-12-31,0.0
435,3705 Dexter Rd,2020-12-31,0.0
436,3705 Dexter Rd,2021-12-31,0.0
437,3705 Dexter Rd,2022-12-31,0.0
438,3705 Dexter Rd,2023-12-31,0.0
439,3705 Dexter Rd,2024-12-31,0.0
440,371 Parkland Plaza #1,2020-12-31,0.0
441,371 Parkland Plaza #1,2021-12-31,0.0
442,371 Parkland Plaza #1,2022-12-31,0.0
443,371 Parkland Plaza #1,2023-12-31,0.0
444,371 Parkland Plaza #1,2024-12-31,0.0
445,371 Parkland Plaza #2,2020-12-31,0.0
446,371 Parkland Plaza #2,2021-12-31,0.0
447,371 Parkland Plaza #2,2022-12-31,0.0
448,371 Parkland Plaza #2,2023-12-31,0.0
449,371 Parkland Plaza #2,2024-12-31,0.0
450,373 Pinewood Deep,2020-12-31,0.0
451,373 Pinewood Deep,2021-12-31,0.0
452,373 Pinewood Deep,2022-12-31,0.0
453,373 Pinewood Deep,2023-12-31,0.0
454,373 Pinewood Deep,2024-12-31,0.0
455,373 Pinewood Shallow,2020-12-31,409.6864659695643
456,373 Pinewood Shallow,2021-12-31,402.83197980072055
457,373 Pinewood Shallow,2022-12-31,393.83299459840873
458,373 Pinewood Shallow,2023-12-31,389.0436839492702
459,373 Pinewood Shallow,2024-12-31,382.3139599255203
460,3739 Dexter Rd,2020-12-31,0.0
461,3739 Dexter Rd,2021-12-31,0.0
462,3739 Dexter Rd,2022-12-31,0.0
463,3739 Dexter Rd,2023-12-31,0.0
464,3739 Dexter Rd,2024-12-31,0.0
465,3749 Dexter Rd,2020-12-31,0.0
466,3749 Dexter Rd,2021-12-31,0.0
467,3749 Dexter Rd,2022-12-31,0.0
468,3749 Dexter Rd,2023-12-31,0.0
469,3749 Dexter Rd,2024-12-31,0.0
470,3750 ELIZABETH RD,2020-12-31,0.0
471,3750 ELIZABETH RD,2021-12-31,0.0
472,3750 ELIZABETH RD,2022-12-31,0.0
473,3750 ELIZABETH RD,2023-12-31,0.0
474,3750 ELIZABETH RD,2024-12-31,0.0
475,3769 Dexter Rd,2020-12-31,0.0
476,3769 Dexter Rd,2021-12-31,0.0
477,3769 Dexter Rd,2022-12-31,0.0
478,3769 Dexter Rd,2023-12-31,0.0
479,3769 Dexter Rd,2024-12-31,0.0
480,3779 Dexter Rd,2020-12-31,0.0
481,3779 Dexter Rd,2021-12-31,0.0
482,3779 Dexter Rd,2022-12-31,0.0
483,3779 Dexter Rd,2023-12-31,0.0
484,3779 Dexter Rd,2024-12-31,0.0
485,3786 ELIZABETH RD,2020-12-31,0.0
486,3786 ELIZABETH RD,2021-12-31,0.0
487,3786 ELIZABETH RD,2022-12-31,0.0
488,3786 ELIZABETH RD,2023-12-31,0.0
489,3786 ELIZABETH RD,2024-12-31,0.0
490,3789 ELIZABETH RD,2020-12-31,0.0
491,3789 ELIZABETH RD,2021-12-31,0.0
492,3789 ELIZABETH RD,2022-12-31,0.0
493,3789 ELIZABETH RD,2023-12-31,0.0
494,3789 ELIZABETH RD,2024-12-31,0.0
495,379 W DELHI RD,2020-12-31,0.0
496,379 W DELHI RD,2021-12-31,0.0
497,379 W DELHI RD,2022-12-31,0.0
498,379 W DELHI RD,2023-12-31,0.0
499,379 W DELHI RD,2024-12-31,0.0
500,380 W DELHI RD,2020-12-31,0.0
501,380 W DELHI RD,2021-12-31,0.0
502,380 W DELHI RD,2022-12-31,0.0
503,380 W DELHI RD,2023-12-31,0.0
504,380 W DELHI RD,2024-12-31,0.0
505,3827 Dexter Rd,2020-12-31,0.0
506,3827 Dexter Rd,2021-12-31,0.0
507,3827 Dexter Rd,2022-12-31,0.0
508,3827 Dexter Rd,2023-12-31,0.0
509,3827 Dexter Rd,2024-12-31,0.0
510,3839 Dexter Rd,2020-12-31,0.0
511,3839 Dexter Rd,2021-12-31,0.0
512,3839 Dexter Rd,2022-12-31,0.0
513,3839 Dexter Rd,2023-12-31,0.0
514,3839 Dexter Rd,2024-12-31,0.0
515,384 W DELHI RD,2020-12-31,0.0
516,384 W DELHI RD,2021-12-31,0.0
517,384 W DELHI RD,2022-12-31,0.0
518,384 W DELHI RD,2023-12-31,0.0
519,384 W DELHI RD,2024-12-31,0.0
520,3851 W Liberty Rd,2020-12-31,0.0
521,3851 W Liberty Rd,2021-12-31,0.0
522,3851 W Liberty Rd,2022-12-31,0.0
523,3851 W Liberty Rd,2023-12-31,0.0
524,3851 W Liberty Rd,2024-12-31,0.0
525,3855 Leroy,2020-12-31,0.0
526,3855 Leroy,2021-12-31,0.0
527,3855 Leroy,2022-12-31,0.0
528,3855 Leroy,2023-12-31,0.0
529,3855 Leroy,2024-12-31,0.0
530,3893 W Liberty Rd,2020-12-31,0.0
531,3893 W Liberty Rd,2021-12-31,0.0
532,3893 W Liberty Rd,2022-12-31,0.0
533,3893 W Liberty Rd,2023-12-31,0.0
534,3893 W Liberty Rd,2024-12-31,0.0
535,395 W DELHI RD,2020-12-31,0.0
536,395 W DELHI RD,2021-12-31,0.0
537,395 W DELHI RD,2022-12-31,0.0
538,395 W DELHI RD,2023-12-31,0.0
539,395 W DELHI RD,2024-12-31,0.0
540,396-398 W Delhi Rd,2020-12-31,0.0
541,396-398 W Delhi Rd,2021-12-31,0.0
542,396-398 W Delhi Rd,2022-12-31,0.0
543,396-398 W Delhi Rd,2023-12-31,0.0
544,396-398 W Delhi Rd,2024-12-31,0.0
545,404 Adrienne Lane,2020-12-31,0.0
546,404 Adrienne Lane,2021-12-31,0.0
547,404 Adrienne Lane,2022-12-31,0.0
548,404 Adrienne Lane,2023-12-31,0.0
549,404 Adrienne Lane,2024-12-31,0.0
550,4049 Pemberly,2020-12-31,0.0
551,4049 Pemberly,2021-12-31,0.0
552,4049 Pemberly,2022-12-31,0.0
553,4049 Pemberly,2023-12-31,0.0
554,4049 Pemberly,2024-12-31,0.0
555,4050 W Liberty Rd,2020-12-31,0.0
556,4050 W Liberty Rd,2021-12-31,0.0
557,4050 W Liberty Rd,2022-12-31,0.0
558,4050 W Liberty Rd,2023-12-31,0.0
559,4050 W Liberty Rd,2024-12-31,0.0
560,4061-4065 Jackson Rd,2020-12-31,0.0
561,4061-4065 Jackson Rd,2021-12-31,0.0
562,4061-4065 Jackson Rd,2022-12-31,0.0
563,4061-4065 Jackson Rd,2023-12-31,0.0
564,4061-4065 Jackson Rd,2024-12-31,0.0
565,407 Adrienne Lane,2020-12-31,0.0
566,407 Adrienne Lane,2021-12-31,0.0
567,407 Adrienne Lane,2022-12-31,0.0
568,407 Adrienne Lane,2023-12-31,0.0
569,407 Adrienne Lane,2024-12-31,0.0
570,4141 Jackson Rd,2020-12-31,2.9822321051642806
571,4141 Jackson Rd,2021-12-31,2.8792435225568696
572,4141 Jackson Rd,2022-12-31,2.7685183640271696
573,4141 Jackson Rd,2023-12-31,2.6577932054974696
574,4141 Jackson Rd,2024-12-31,2.438900924324619
575,4144 W Liberty Rd,2020-12-31,0.0
576,4144 W Liberty Rd,2021-12-31,0.0
577,4144 W Liberty Rd,2022-12-31,0.0
578,4144 W Liberty Rd,2023-12-31,0.0
579,4144 W Liberty Rd,2024-12-31,0.0
580,415 Evergreen Dr,2020-12-31,0.0
581,415 Evergreen Dr,2021-12-31,0.0
582,415 Evergreen Dr,2022-12-31,0.0
583,415 Evergreen Dr,2023-12-31,0.0
584,415 Evergreen Dr,2024-12-31,0.0
585,4154 Saginaw Ct,2020-12-31,0.0
586,4154 Saginaw Ct,2021-12-31,0.0
587,4154 Saginaw Ct,2022-12-31,0.0
588,4154 Saginaw Ct,2023-12-31,0.0
589,4154 Saginaw Ct,2024-12-31,0.0
590,4163 Saginaw Ct,2020-12-31,0.0
591,4163 Saginaw Ct,2021-12-31,0.0
592,4163 Saginaw Ct,2022-12-31,0.0
593,4163 Saginaw Ct,2023-12-31,0.0
594,4163 Saginaw Ct,2024-12-31,0.0
595,42 BURTON RD,2020-12-31,0.0
596,42 BURTON RD,2021-12-31,0.0
597,42 BURTON RD,2022-12-31,0.0
598,42 BURTON RD,2023-12-31,0.0
599,42 BURTON RD,2024-12-31,0.0
600,420 Parkwood,2020-12-31,34.64726215204676
601,420 Parkwood,2021-12-31,35.064653690256684
602,420 Parkwood,2022-12-31,35.44877617115417
603,420 Parkwood,2023-12-31,35.80167767985736
604,420 Parkwood,2024-12-31,36.12538581493547
605,420 W DELHI RD,2020-12-31,0.0
606,420 W DELHI RD,2021-12-31,0.0
607,420 W DELHI RD,2022-12-31,0.0
608,420 W DELHI RD,2023-12-31,0.0
609,420 W DELHI RD,2024-12-31,0.0
610,4200 W Liberty Rd,2020-12-31,0.0
611,4200 W Liberty Rd,2021-12-31,0.0
612,4200 W Liberty Rd,2022-12-31,0.0
613,4200 W Liberty Rd,2023-12-31,0.0
614,4200 W Liberty Rd,2024-12-31,0.0
615,4225 Saginaw Ct,2020-12-31,0.0
616,4225 Saginaw Ct,2021-12-31,0.0
617,4225 Saginaw Ct,2022-12-31,0.0
618,4225 Saginaw Ct,2023-12-31,0.0
619,4225 Saginaw Ct,2024-12-31,0.0
620,4259 Dexter Rd,2020-12-31,0.0
621,4259 Dexter Rd,2021-12-31,0.0
622,4259 Dexter Rd,2022-12-31,0.0
623,4259 Dexter Rd,2023-12-31,0.0
624,4259 Dexter Rd,2024-12-31,0.0
625,4285 Dexter Rd,2020-12-31,0.0
626,4285 Dexter Rd,2021-12-31,0.0
627,4285 Dexter Rd,2022-12-31,0.0
628,4285 Dexter Rd,2023-12-31,0.0
629,4285 Dexter Rd,2024-12-31,0.0
630,430 Barber East,2020-12-31,32.81214894880602
631,430 Barber East,2021-12-31,33.377341346477984
632,430 Barber East,2022-12-31,33.94253374414995
633,430 Barber East,2023-12-31,34.50772614182191
634,430 Barber East,2024-12-31,35.07446701181627
635,4300 W Liberty Rd,2020-12-31,0.0
636,4300 W Liberty Rd,2021-12-31,0.0
637,4300 W Liberty Rd,2022-12-31,0.0
638,4300 W Liberty Rd,2023-12-31,0.0
639,4300 W Liberty Rd,2024-12-31,0.0
640,4301 Dexter Rd,2020-12-31,0.0
641,4301 Dexter Rd,2021-12-31,0.0
642,4301 Dexter Rd,2022-12-31,0.0
643,4301 Dexter Rd,2023-12-31,0.0
644,4301 Dexter Rd,2024-12-31,0.0
645,4315 W Liberty Rd,2020-12-31,0.0
646,4315 W Liberty Rd,2021-12-31,0.0
647,4315 W Liberty Rd,2022-12-31,0.0
648,4315 W Liberty Rd,2023-12-31,0.0
649,4315 W Liberty Rd,2024-12-31,0.0
650,4340 W Liberty Rd,2020-12-31,0.0
651,4340 W Liberty Rd,2021-12-31,0.0
652,4340 W Liberty Rd,2022-12-31,0.0
653,4340 W Liberty Rd,2023-12-31,0.0
654,4340 W Liberty Rd,2024-12-31,0.0
655,435 Barber,2020-12-31,28.84956177729561
656,435 Barber,2021-12-31,29.891155930859448
657,435 Barber,2022-12-31,30.932750084423297
658,435 Barber,2023-12-31,31.974344237987133
659,435 Barber,2024-12-31,33.01879207416348
660,4370 W Liberty Rd,2020-12-31,0.0
661,4370 W Liberty Rd,2021-12-31,0.0
662,4370 W Liberty Rd,2022-12-31,0.0
663,4370 W Liberty Rd,2023-12-31,0.0
664,4370 W Liberty Rd,2024-12-31,0.0
665,44 LUELLA ST,2020-12-31,0.0
666,44 LUELLA ST,2021-12-31,0.0
667,44 LUELLA ST,2022-12-31,0.0
668,44 LUELLA ST,2023-12-31,0.0
669,44 LUELLA ST,2024-12-31,0.0
670,440 Clarendon,2020-12-31,154.699522491238
671,440 Clarendon,2021-12-31,154.699522491238
672,440 Clarendon,2022-12-31,154.699522491238
673,440 Clarendon,2023-12-31,154.699522491238
674,440 Clarendon,2024-12-31,154.699522491238
675,4401 Park East,2020-12-31,3.99348947684894
676,4401 Park East,2021-12-31,3.7261333685727696
677,4401 Park East,2022-12-31,3.4587772602966007
678,4401 Park East,2023-12-31,3.191421152020431
679,4401 Park East,2024-12-31,2.924065043744261
680,4401 Park West,2020-12-31,4.040111043488872
681,4401 Park West,2021-12-31,3.855446980500568
682,4401 Park West,2022-12-31,3.679223481593864
683,4401 Park West,2023-12-31,3.511054748249749
684,4401 Park West,2024-12-31,3.3505726159006657
685,441 Parkwood,2020-12-31,28.208858371174458
686,441 Parkwood,2021-12-31,28.23540810667414
687,441 Parkwood,2022-12-31,28.267197615179924
688,441 Parkwood,2023-12-31,28.25206236422608
689,441 Parkwood,2024-12-31,28.3981370354581
690,442 W DELHI RD,2020-12-31,0.0
691,442 W DELHI RD,2021-12-31,0.0
692,442 W DELHI RD,2022-12-31,0.0
693,442 W DELHI RD,2023-12-31,0.0
694,442 W DELHI RD,2024-12-31,0.0
695,4470 Jackson Rd,2020-12-31,0.0
696,4470 Jackson Rd,2021-12-31,0.0
697,4470 Jackson Rd,2022-12-31,0.0
698,4470 Jackson Rd,2023-12-31,0.0
699,4470 Jackson Rd,2024-12-31,0.0
700,4493 Kuebler Court,2020-12-31,0.0
701,4493 Kuebler Court,2021-12-31,0.0
702,4493 Kuebler Court,2022-12-31,0.0
703,4493 Kuebler Court,2023-12-31,0.0
704,4493 Kuebler Court,2024-12-31,0.0
705,4500 W Liberty Rd,2020-12-31,0.0
706,4500 W Liberty Rd,2021-12-31,0.0
707,4500 W Liberty Rd,2022-12-31,0.0
708,4500 W Liberty Rd,2023-12-31,0.0
709,4500 W Liberty Rd,2024-12-31,0.0
710,453 Dupont,2020-12-31,2.960025567384393
711,453 Dupont,2021-12-31,2.936752344966535
712,453 Dupont,2022-12-31,2.913268979843373
713,453 Dupont,2023-12-31,2.889581998933898
714,453 Dupont,2024-12-31,2.8656966305834075
715,4530 Jackson Rd,2020-12-31,0.0
716,4530 Jackson Rd,2021-12-31,0.0
717,4530 Jackson Rd,2022-12-31,0.0
718,4530 Jackson Rd,2023-12-31,0.0
719,4530 Jackson Rd,2024-12-31,0.0
720,4541 Breezewood Ct,2020-12-31,0.0
721,4541 Breezewood Ct,2021-12-31,0.0
722,4541 Breezewood Ct,2022-12-31,0.0
723,4541 Breezewood Ct,2023-12-31,0.0
724,4541 Breezewood Ct,2024-12-31,0.0
725,4550 Jackson Rd,2020-12-31,0.0
726,4550 Jackson Rd,2021-12-31,0.0
727,4550 Jackson Rd,2022-12-31,0.0
728,4550 Jackson Rd,2023-12-31,0.0
729,4550 Jackson Rd,2024-12-31,0.0
730,456 Clarendon,2020-12-31,706.5439000586176
731,456 Clarendon,2021-12-31,727.0621500400702
732,456 Clarendon,2022-12-31,746.2228271119401
733,456 Clarendon,2023-12-31,751.6069049226462
734,456 Clarendon,2024-12-31,756.9909827333524
735,4560 Jackson Rd,2020-12-31,0.0
736,4560 Jackson Rd,2021-12-31,0.0
737,4560 Jackson Rd,2022-12-31,0.0
738,4560 Jackson Rd,2023-12-31,0.0
739,4560 Jackson Rd,2024-12-31,0.0
740,4564 Countryside Ct,2020-12-31,0.0
741,4564 Countryside Ct,2021-12-31,0.0
742,4564 Countryside Ct,2022-12-31,0.0
743,4564 Countryside Ct,2023-12-31,0.0
744,4564 Countryside Ct,2024-12-31,0.0
745,4580 Countryside Ct,2020-12-31,0.0
746,4580 Countryside Ct,2021-12-31,0.0
747,4580 Countryside Ct,2022-12-31,0.0
748,4580 Countryside Ct,2023-12-31,0.0
749,4580 Countryside Ct,2024-12-31,0.0
750,4583 Breezewood Ct,2020-12-31,0.0
751,4583 Breezewood Ct,2021-12-31,0.0
752,4583 Breezewood Ct,2022-12-31,0.0
753,4583 Breezewood Ct,2023-12-31,0.0
754,4583 Breezewood Ct,2024-12-31,0.0
755,4596 Countryside Ct,2020-12-31,0.0
756,4596 Countryside Ct,2021-12-31,0.0
757,4596 Countryside Ct,2022-12-31,0.0
758,4596 Countryside Ct,2023-12-31,0.0
759,4596 Countryside Ct,2024-12-31,0.0
760,460 Rose,2020-12-31,0.0
761,460 Rose,2021-12-31,0.0
762,460 Rose,2022-12-31,0.0
763,460 Rose,2023-12-31,0.0
764,460 Rose,2024-12-31,0.0
765,4601 Park 4 inch,2020-12-31,1.817766327226349
766,4601 Park 4 inch,2021-12-31,1.8046529803152185
767,4601 Park 4 inch,2022-12-31,1.7914856955020797
768,4601 Park 4 inch,2023-12-31,1.7782644723585392
769,4601 Park 4 inch,2024-12-31,1.7649891626782097
770,4601 Park 6 inch,2020-12-31,2.2952301915212057
771,4601 Park 6 inch,2021-12-31,2.2928334784800217
772,4601 Park 6 inch,2022-12-31,2.2915472504681045
773,4601 Park 6 inch,2023-12-31,2.2952564838569525
774,4601 Park 6 inch,2024-12-31,2.305710817607582
775,4612 Countryside Ct,2020-12-31,0.0
776,4612 Countryside Ct,2021-12-31,0.0
777,4612 Countryside Ct,2022-12-31,0.0
778,4612 Countryside Ct,2023-12-31,0.0
779,4612 Countryside Ct,2024-12-31,0.0
780,4625 Breezewood Ct,2020-12-31,0.0
781,4625 Breezewood Ct,2021-12-31,0.0
782,4625 Breezewood Ct,2022-12-31,0.0
783,4625 Breezewood Ct,2023-12-31,0.0
784,4625 Breezewood Ct,2024-12-31,0.0
785,4628 Breezewood Ct,2020-12-31,0.0
786,4628 Breezewood Ct,2021-12-31,0.0
787,4628 Breezewood Ct,2022-12-31,0.0
788,4628 Breezewood Ct,2023-12-31,0.0
789,4628 Breezewood Ct,2024-12-31,0.0
790,464 W Delhi Rd,2020-12-31,0.0
791,464 W Delhi Rd,2021-12-31,0.0
792,464 W Delhi Rd,2022-12-31,0.0
793,464 W Delhi Rd,2023-12-31,0.0
794,464 W Delhi Rd,2024-12-31,0.0
795,465 Dupont,2020-12-31,826.7065961194455
796,465 Dupont,2021-12-31,827.6991856744733
797,465 Dupont,2022-12-31,828.56263350682
798,465 Dupont,2023-12-31,829.3137417120273
799,465 Dupont,2024-12-31,829.9668768719467
800,4667 Breezewood Ct,2020-12-31,0.0
801,4667 Breezewood Ct,2021-12-31,0.0
802,4667 Breezewood Ct,2022-12-31,0.0
803,4667 Breezewood Ct,2023-12-31,0.0
804,4667 Breezewood Ct,2024-12-31,0.0
805,4670 Breezewood Ct,2020-12-31,0.0
806,4670 Breezewood Ct,2021-12-31,0.0
807,4670 Breezewood Ct,2022-12-31,0.0
808,4670 Breezewood Ct,2023-12-31,0.0
809,4670 Breezewood Ct,2024-12-31,0.0
810,4694 W Liberty Rd,2020-12-31,0.0
811,4694 W Liberty Rd,2021-12-31,0.0
812,4694 W Liberty Rd,2022-12-31,0.0
813,4694 W Liberty Rd,2023-12-31,0.0
814,4694 W Liberty Rd,2024-12-31,0.0
815,4705 Liberty Rd,2020-12-31,0.0
816,4705 Liberty Rd,2021-12-31,0.0
817,4705 Liberty Rd,2022-12-31,0.0
818,4705 Liberty Rd,2023-12-31,0.0
819,4705 Liberty Rd,2024-12-31,0.0
820,4709 Breezewood Ct,2020-12-31,0.0
821,4709 Breezewood Ct,2021-12-31,0.0
822,4709 Breezewood Ct,2022-12-31,0.0
823,4709 Breezewood Ct,2023-12-31,0.0
824,4709 Breezewood Ct,2024-12-31,0.0
825,4712 Breezewood Ct,2020-12-31,0.0
826,4712 Breezewood Ct,2021-12-31,0.0
827,4712 Breezewood Ct,2022-12-31,0.0
828,4712 Breezewood Ct,2023-12-31,0.0
829,4712 Breezewood Ct,2024-12-31,0.0
830,4742 Park Rd,2020-12-31,0.5421824228997472
831,4742 Park Rd,2021-12-31,0.0
832,4742 Park Rd,2022-12-31,0.0
833,4742 Park Rd,2023-12-31,0.0
834,4742 Park Rd,2024-12-31,0.0
835,475 Barber,2020-12-31,0.0
836,475 Barber,2021-12-31,0.0
837,475 Barber,2022-12-31,0.0
838,475 Barber,2023-12-31,0.0
839,475 Barber,2024-12-31,0.0
840,476 Barber,2020-12-31,0.0
841,476 Barber,2021-12-31,0.0
842,476 Barber,2022-12-31,0.0
843,476 Barber,2023-12-31,0.0
844,476 Barber,2024-12-31,0.0
845,486 Barber,2020-12-31,0.0
846,486 Barber,2021-12-31,0.0
847,486 Barber,2022-12-31,0.0
848,486 Barber,2023-12-31,0.0
849,486 Barber,2024-12-31,0.0
850,486 W Delhi Rd,2020-12-31,0.0
851,486 W Delhi Rd,2021-12-31,0.0
852,486 W Delhi Rd,2022-12-31,0.0
853,486 W Delhi Rd,2023-12-31,0.0
854,486 W Delhi Rd,2024-12-31,0.0
855,495 North Wagner Rd,2020-12-31,0.0
856,495 North Wagner Rd,2021-12-31,0.0
857,495 North Wagner Rd,2022-12-31,0.0
858,495 North Wagner Rd,2023-12-31,0.0
859,495 North Wagner Rd,2024-12-31,0.0
860,50 W DELHI RD,2020-12-31,0.0
861,50 W DELHI RD,2021-12-31,0.0
862,50 W DELHI RD,2022-12-31,0.0
863,50 W DELHI RD,2023-12-31,0.0
864,50 W DELHI RD,2024-12-31,0.0
865,5005 Jackson Rd,2020-12-31,16.2511784559591
866,5005 Jackson Rd,2021-12-31,16.2511784559591
867,5005 Jackson Rd,2022-12-31,16.2511784559591
868,5005 Jackson Rd,2023-12-31,16.2511784559591
869,5005 Jackson Rd,2024-12-31,16.2511784559591
870,5015 JACKSON RD,2020-12-31,0.0
871,5015 JACKSON RD,2021-12-31,0.0
872,5015 JACKSON RD,2022-12-31,0.0
873,5015 JACKSON RD,2023-12-31,0.0
874,5015 JACKSON RD,2024-12-31,0.0
875,505 Lakeview Ave,2020-12-31,0.0
876,505 Lakeview Ave,2021-12-31,0.0
877,505 Lakeview Ave,2022-12-31,0.0
878,505 Lakeview Ave,2023-12-31,0.0
879,505 Lakeview Ave,2024-12-31,0.0
880,5056 Christine Dr,2020-12-31,0.0
881,5056 Christine Dr,2021-12-31,0.0
882,5056 Christine Dr,2022-12-31,0.0
883,5056 Christine Dr,2023-12-31,0.0
884,5056 Christine Dr,2024-12-31,0.0
885,5065 PARK RD,2020-12-31,0.0
886,5065 PARK RD,2021-12-31,0.0
887,5065 PARK RD,2022-12-31,0.0
888,5065 PARK RD,2023-12-31,0.0
889,5065 PARK RD,2024-12-31,0.0
890,5089 Christine Dr,2020-12-31,0.0
891,5089 Christine Dr,2021-12-31,0.0
892,5089 Christine Dr,2022-12-31,0.0
893,5089 Christine Dr,2023-12-31,0.0
894,5089 Christine Dr,2024-12-31,0.0
895,5112 Christine Dr,2020-12-31,0.0
896,5112 Christine Dr,2021-12-31,0.0
897,5112 Christine Dr,2022-12-31,0.0
898,5112 Christine Dr,2023-12-31,0.0
899,5112 Christine Dr,2024-12-31,0.0
900,5115 Jackson Rd,2020-12-31,0.0
901,5115 Jackson Rd,2021-12-31,0.0
902,5115 Jackson Rd,2022-12-31,0.0
903,5115 Jackson Rd,2023-12-31,0.0
904,5115 Jackson Rd,2024-12-31,0.0
905,5130 JACKSON RD,2020-12-31,0.0
906,5130 JACKSON RD,2021-12-31,0.0
907,5130 JACKSON RD,2022-12-31,0.0
908,5130 JACKSON RD,2023-12-31,0.0
909,5130 JACKSON RD,2024-12-31,0.0
910,5134 JACKSON RD,2020-12-31,0.0
911,5134 JACKSON RD,2021-12-31,0.0
912,5134 JACKSON RD,2022-12-31,0.0
913,5134 JACKSON RD,2023-12-31,0.0
914,5134 JACKSON RD,2024-12-31,0.0
915,5140 PARK RD,2020-12-31,0.0
916,5140 PARK RD,2021-12-31,0.0
917,5140 PARK RD,2022-12-31,0.0
918,5140 PARK RD,2023-12-31,0.0
919,5140 PARK RD,2024-12-31,0.0
920,5155 Christine Ct,2020-12-31,0.0
921,5155 Christine Ct,2021-12-31,0.0
922,5155 Christine Ct,2022-12-31,0.0
923,5155 Christine Ct,2023-12-31,0.0
924,5155 Christine Ct,2024-12-31,0.0
925,5159 Christine Dr,2020-12-31,0.0
926,5159 Christine Dr,2021-12-31,0.0
927,5159 Christine Dr,2022-12-31,0.0
928,5159 Christine Dr,2023-12-31,0.0
929,5159 Christine Dr,2024-12-31,0.0
930,5160 Christine Dr,2020-12-31,0.0
931,5160 Christine Dr,2021-12-31,0.0
932,5160 Christine Dr,2022-12-31,0.0
933,5160 Christine Dr,2023-12-31,0.0
934,5160 Christine Dr,2024-12-31,0.0
935,5161 Christine Dr,2020-12-31,0.0
936,5161 Christine Dr,2021-12-31,0.0
937,5161 Christine Dr,2022-12-31,0.0
938,5161 Christine Dr,2023-12-31,0.0
939,5161 Christine Dr,2024-12-31,0.0
940,5183-5185 Christine Dr,2020-12-31,0.0
941,5183-5185 Christine Dr,2021-12-31,0.0
942,5183-5185 Christine Dr,2022-12-31,0.0
943,5183-5185 Christine Dr,2023-12-31,0.0
944,5183-5185 Christine Dr,2024-12-31,0.0
945,5188 Christine Dr,2020-12-31,0.0
946,5188 Christine Dr,2021-12-31,0.0
947,5188 Christine Dr,2022-12-31,0.0
948,5188 Christine Dr,2023-12-31,0.0
949,5188 Christine Dr,2024-12-31,0.0
950,520 North Wagner Rd,2020-12-31,0.0
951,520 North Wagner Rd,2021-12-31,0.0
952,520 North Wagner Rd,2022-12-31,0.0
953,520 North Wagner Rd,2023-12-31,0.0
954,520 North Wagner Rd,2024-12-31,0.0
955,521 Florence St,2020-12-31,0.0
956,521 Florence St,2021-12-31,0.0
957,521 Florence St,2022-12-31,0.0
958,521 Florence St,2023-12-31,0.0
959,521 Florence St,2024-12-31,0.0
960,523 Lakeview Ave,2020-12-31,0.0
961,523 Lakeview Ave,2021-12-31,0.0
962,523 Lakeview Ave,2022-12-31,0.0
963,523 Lakeview Ave,2023-12-31,0.0
964,523 Lakeview Ave,2024-12-31,0.0
965,524 Lakeview Ave,2020-12-31,0.0
966,524 Lakeview Ave,2021-12-31,0.0
967,524 Lakeview Ave,2022-12-31,0.0
968,524 Lakeview Ave,2023-12-31,0.0
969,524 Lakeview Ave,2024-12-31,0.0
970,530 North Wagner Rd,2020-12-31,0.0
971,530 North Wagner Rd,2021-12-31,0.0
972,530 North Wagner Rd,2022-12-31,0.0
973,530 North Wagner Rd,2023-12-31,0.0
974,530 North Wagner Rd,2024-12-31,0.0
975,530 W DELHI RD,2020-12-31,0.0
976,530 W DELHI RD,2021-12-31,0.0
977,530 W DELHI RD,2022-12-31,0.0
978,530 W DELHI RD,2023-12-31,0.0
979,530 W DELHI RD,2024-12-31,0.0
980,531 Burwood,2020-12-31,0.0
981,531 Burwood,2021-12-31,0.0
982,531 Burwood,2022-12-31,0.0
983,531 Burwood,2023-12-31,0.0
984,531 Burwood,2024-12-31,0.0
985,531 W DELHI RD,2020-12-31,0.0
986,531 W DELHI RD,2021-12-31,0.0
987,531 W DELHI RD,2022-12-31,0.0
988,531 W DELHI RD,2023-12-31,0.0
989,531 W DELHI RD,2024-12-31,0.0
990,541 Lakeview Ave,2020-12-31,0.0
991,541 Lakeview Ave,2021-12-31,0.0
992,541 Lakeview Ave,2022-12-31,0.0
993,541 Lakeview Ave,2023-12-31,0.0
994,541 Lakeview Ave,2024-12-31,0.0
995,544 Allison,2020-12-31,3.2217865806078803
996,544 Allison,2021-12-31,3.2217865806078803
997,544 Allison,2022-12-31,3.2217865806078803
998,544 Allison,2023-12-31,3.2217865806078803
999,544 Allison,2024-12-31,3.2217865806078803
1000,545 Allison,2020-12-31,15.474106177257434
1001,545 Allison,2021-12-31,15.60690987946724
1002,545 Allison,2022-12-31,15.73971358167704
1003,545 Allison,2023-12-31,15.872517283886843
1004,545 Allison,2024-12-31,16.00532098609665
1005,548 W DELHI RD,2020-12-31,0.0
1006,548 W DELHI RD,2021-12-31,0.0
1007,548 W DELHI RD,2022-12-31,0.0
1008,548 W DELHI RD,2023-12-31,0.0
1009,548 W DELHI RD,2024-12-31,0.0
1010,55 W DELHI RD,2020-12-31,0.0
1011,55 W DELHI RD,2021-12-31,0.0
1012,55 W DELHI RD,2022-12-31,0.0
1013,55 W DELHI RD,2023-12-31,0.0
1014,55 W DELHI RD,2024-12-31,0.0
1015,553 W DELHI RD,2020-12-31,0.0
1016,553 W DELHI RD,2021-12-31,0.0
1017,553 W DELHI RD,2022-12-31,0.0
1018,553 W DELHI RD,2023-12-31,0.0
1019,553 W DELHI RD,2024-12-31,0.0
1020,557 Lakeview Ave,2020-12-31,0.0
1021,557 Lakeview Ave,2021-12-31,0.0
1022,557 Lakeview Ave,2022-12-31,0.0
1023,557 Lakeview Ave,2023-12-31,0.0
1024,557 Lakeview Ave,2024-12-31,0.0
1025,564 North Wagner Rd,2020-12-31,0.0
1026,564 North Wagner Rd,2021-12-31,0.0
1027,564 North Wagner Rd,2022-12-31,0.0
1028,564 North Wagner Rd,2023-12-31,0.0
1029,564 North Wagner Rd,2024-12-31,0.0
1030,565 Florence St,2020-12-31,0.0
1031,565 Florence St,2021-12-31,0.0
1032,565 Florence St,2022-12-31,0.0
1033,565 Florence St,2023-12-31,0.0
1034,565 Florence St,2024-12-31,0.0
1035,572 Lakeview Ave,2020-12-31,0.0
1036,572 Lakeview Ave,2021-12-31,0.0
1037,572 Lakeview Ave,2022-12-31,0.0
1038,572 Lakeview Ave,2023-12-31,0.0
1039,572 Lakeview Ave,2024-12-31,0.0
1040,575 W DELHI RD,2020-12-31,0.0
1041,575 W DELHI RD,2021-12-31,0.0
1042,575 W DELHI RD,2022-12-31,0.0
1043,575 W DELHI RD,2023-12-31,0.0
1044,575 W DELHI RD,2024-12-31,0.0
1045,577 Lakeview Ave,2020-12-31,0.0
1046,577 Lakeview Ave,2021-12-31,0.0
1047,577 Lakeview Ave,2022-12-31,0.0
1048,577 Lakeview Ave,2023-12-31,0.0
1049,577 Lakeview Ave,2024-12-31,0.0
1050,580 Allison,2020-12-31,31.81559281183419
1051,580 Allison,2021-12-31,31.86214648264015
1052,580 Allison,2022-12-31,31.86264960438691
1053,580 Allison,2023-12-31,31.863152726133663
1054,580 Allison,2024-12-31,31.817605298821213
1055,584 Allison,2020-12-31,37.9371815259832
1056,584 Allison,2021-12-31,38.25431420163371
1057,584 Allison,2022-12-31,38.57144687728422
1058,584 Allison,2023-12-31,38.88857955293473
1059,584 Allison,2024-12-31,39.20571222858524
1060,584 Florence St,2020-12-31,0.0
1061,584 Florence St,2021-12-31,0.0
1062,584 Florence St,2022-12-31,0.0
1063,584 Florence St,2023-12-31,0.0
1064,584 Florence St,2024-12-31,0.0
1065,591 South Wagner Rd,2020-12-31,0.0
1066,591 South Wagner Rd,2021-12-31,0.0
1067,591 South Wagner Rd,2022-12-31,0.0
1068,591 South Wagner Rd,2023-12-31,0.0
1069,591 South Wagner Rd,2024-12-31,0.0
1070,592 Lakeview Ave,2020-12-31,0.0
1071,592 Lakeview Ave,2021-12-31,0.0
1072,592 Lakeview Ave,2022-12-31,0.0
1073,592 Lakeview Ave,2023-12-31,0.0
1074,592 Lakeview Ave,2024-12-31,0.0
1075,593 Allison,2020-12-31,158.69661309822885
1076,593 Allison,2021-12-31,179.57661901143
1077,593 Allison,2022-12-31,0.0
1078,593 Allison,2023-12-31,0.0
1079,593 Allison,2024-12-31,27.190944876480472
1080,595 Sciomeadow Dr,2020-12-31,0.0
1081,595 Sciomeadow Dr,2021-12-31,0.0
1082,595 Sciomeadow Dr,2022-12-31,0.0
1083,595 Sciomeadow Dr,2023-12-31,0.0
1084,595 Sciomeadow Dr,2024-12-31,0.0
1085,597 Allison,2020-12-31,19.48215384751355
1086,597 Allison,2021-12-31,19.87190607648588
1087,597 Allison,2022-12-31,20.26165830545821
1088,597 Allison,2023-12-31,20.651410534430536
1089,597 Allison,2024-12-31,21.04223057772882
1090,597 Lakeview Ave,2020-12-31,0.0
1091,597 Lakeview Ave,2021-12-31,0.0
1092,597 Lakeview Ave,2022-12-31,0.0
1093,597 Lakeview Ave,2023-12-31,0.0
1094,597 Lakeview Ave,2024-12-31,0.0
1095,598 Sciomeadow Dr,2020-12-31,0.0
1096,598 Sciomeadow Dr,2021-12-31,0.0
1097,598 Sciomeadow Dr,2022-12-31,0.0
1098,598 Sciomeadow Dr,2023-12-31,0.0
1099,598 Sciomeadow Dr,2024-12-31,0.0
1100,602 Lakeview Ave,2020-12-31,0.0
1101,602 Lakeview Ave,2021-12-31,0.0
1102,602 Lakeview Ave,2022-12-31,0.0
1103,602 Lakeview Ave,2023-12-31,0.0
1104,602 Lakeview Ave,2024-12-31,0.0
1105,603 South Wagner Rd,2020-12-31,0.0
1106,603 South Wagner Rd,2021-12-31,0.0
1107,603 South Wagner Rd,2022-12-31,0.0
1108,603 South Wagner Rd,2023-12-31,0.0
1109,603 South Wagner Rd,2024-12-31,0.0
1110,609 South Wagner Rd,2020-12-31,0.0
1111,609 South Wagner Rd,2021-12-31,0.0
1112,609 South Wagner Rd,2022-12-31,0.0
1113,609 South Wagner Rd,2023-12-31,0.0
1114,609 South Wagner Rd,2024-12-31,0.0
1115,610 North Wagner Rd,2020-12-31,0.0
1116,610 North Wagner Rd,2021-12-31,0.0
1117,610 North Wagner Rd,2022-12-31,0.0
1118,610 North Wagner Rd,2023-12-31,0.0
1119,610 North Wagner Rd,2024-12-31,0.0
1120,616 Allison,2020-12-31,0.0
1121,616 Allison,2021-12-31,0.0
1122,616 Allison,2022-12-31,0.0
1123,616 Allison,2023-12-31,0.0
1124,616 Allison,2024-12-31,0.0
1125,617 Lakeview Ave,2020-12-31,0.0
1126,617 Lakeview Ave,2021-12-31,0.0
1127,617 Lakeview Ave,2022-12-31,0.0
1128,617 Lakeview Ave,2023-12-31,0.0
1129,617 Lakeview Ave,2024-12-31,0.0
1130,619 Ridgemont Ln,2020-12-31,0.0
1131,619 Ridgemont Ln,2021-12-31,0.0
1132,619 Ridgemont Ln,2022-12-31,0.0
1133,619 Ridgemont Ln,2023-12-31,0.0
1134,619 Ridgemont Ln,2024-12-31,0.0
1135,627 Sciomeadow Dr,2020-12-31,0.0
1136,627 Sciomeadow Dr,2021-12-31,0.0
1137,627 Sciomeadow Dr,2022-12-31,0.0
1138,627 Sciomeadow Dr,2023-12-31,0.0
1139,627 Sciomeadow Dr,2024-12-31,0.0
1140,630 Sciomeadow Dr,2020-12-31,0.0
1141,630 Sciomeadow Dr,2021-12-31,0.0
1142,630 Sciomeadow Dr,2022-12-31,0.0
1143,630 Sciomeadow Dr,2023-12-31,0.0
1144,630 Sciomeadow Dr,2024-12-31,0.0
1145,637 Lakeview Ave,2020-12-31,0.0
1146,637 Lakeview Ave,2021-12-31,0.0
1147,637 Lakeview Ave,2022-12-31,0.0
1148,637 Lakeview Ave,2023-12-31,0.0
1149,637 Lakeview Ave,2024-12-31,0.0
1150,642 Ridgemont Ln,2020-12-31,0.0
1151,642 Ridgemont Ln,2021-12-31,0.0
1152,642 Ridgemont Ln,2022-12-31,0.0
1153,642 Ridgemont Ln,2023-12-31,0.0
1154,642 Ridgemont Ln,2024-12-31,0.0
1155,647 Lakeview Ave,2020-12-31,0.0
1156,647 Lakeview Ave,2021-12-31,0.0
1157,647 Lakeview Ave,2022-12-31,0.0
1158,647 Lakeview Ave,2023-12-31,0.0
1159,647 Lakeview Ave,2024-12-31,0.0
1160,659 Sciomeadow Dr,2020-12-31,0.0
1161,659 Sciomeadow Dr,2021-12-31,0.0
1162,659 Sciomeadow Dr,2022-12-31,0.0
1163,659 Sciomeadow Dr,2023-12-31,0.0
1164,659 Sciomeadow Dr,2024-12-31,0.0
1165,663 Halcyon Ct,2020-12-31,0.0
1166,663 Halcyon Ct,2021-12-31,0.0
1167,663 Halcyon Ct,2022-12-31,0.0
1168,663 Halcyon Ct,2023-12-31,0.0
1169,663 Halcyon Ct,2024-12-31,0.0
1170,665 Lakeview Ave,2020-12-31,0.0
1171,665 Lakeview Ave,2021-12-31,0.0
1172,665 Lakeview Ave,2022-12-31,0.0
1173,665 Lakeview Ave,2023-12-31,0.0
1174,665 Lakeview Ave,2024-12-31,0.0
1175,672 Halcyon Ct,2020-12-31,0.0
1176,672 Halcyon Ct,2021-12-31,0.0
1177,672 Halcyon Ct,2022-12-31,0.0
1178,672 Halcyon Ct,2023-12-31,0.0
1179,672 Halcyon Ct,2024-12-31,0.0
1180,672 Sciomeadow Dr,2020-12-31,0.0
1181,672 Sciomeadow Dr,2021-12-31,0.0
1182,672 Sciomeadow Dr,2022-12-31,0.0
1183,672 Sciomeadow Dr,2023-12-31,0.0
1184,672 Sciomeadow Dr,2024-12-31,0.0
1185,679 Ridgemont Ln,2020-12-31,0.0
1186,679 Ridgemont Ln,2021-12-31,0.0
1187,679 Ridgemont Ln,2022-12-31,0.0
1188,679 Ridgemont Ln,2023-12-31,0.0
1189,679 Ridgemont Ln,2024-12-31,0.0
1190,679 South Wagner Rd,2020-12-31,0.0
1191,679 South Wagner Rd,2021-12-31,0.0
1192,679 South Wagner Rd,2022-12-31,0.0
1193,679 South Wagner Rd,2023-12-31,0.0
1194,679 South Wagner Rd,2024-12-31,0.0
1195,684 Ridgemont Ln,2020-12-31,0.0
1196,684 Ridgemont Ln,2021-12-31,0.0
1197,684 Ridgemont Ln,2022-12-31,0.0
1198,684 Ridgemont Ln,2023-12-31,0.0
1199,684 Ridgemont Ln,2024-12-31,0.0
1200,685 South Wagner Rd,2020-12-31,0.0
1201,685 South Wagner Rd,2021-12-31,0.0
1202,685 South Wagner Rd,2022-12-31,0.0
1203,685 South Wagner Rd,2023-12-31,0.0
1204,685 South Wagner Rd,2024-12-31,0.0
1205,687 Lakeview Ave,2020-12-31,0.0
1206,687 Lakeview Ave,2021-12-31,0.0
1207,687 Lakeview Ave,2022-12-31,0.0
1208,687 Lakeview Ave,2023-12-31,0.0
1209,687 Lakeview Ave,2024-12-31,0.0
1210,691 Sciomeadow Dr,2020-12-31,0.0
1211,691 Sciomeadow Dr,2021-12-31,0.0
1212,691 Sciomeadow Dr,2022-12-31,0.0
1213,691 Sciomeadow Dr,2023-12-31,0.0
1214,691 Sciomeadow Dr,2024-12-31,0.0
1215,697 South Wagner Rd,2020-12-31,0.0
1216,697 South Wagner Rd,2021-12-31,0.0
1217,697 South Wagner Rd,2022-12-31,0.0
1218,697 South Wagner Rd,2023-12-31,0.0
1219,697 South Wagner Rd,2024-12-31,0.0
1220,701 Rose Drive,2020-12-31,0.0
1221,701 Rose Drive,2021-12-31,0.0
1222,701 Rose Drive,2022-12-31,0.0
1223,701 Rose Drive,2023-12-31,0.0
1224,701 Rose Drive,2024-12-31,0.0
1225,704 Rose Drive,2020-12-31,0.0
1226,704 Rose Drive,2021-12-31,0.0
1227,704 Rose Drive,2022-12-31,0.0
1228,704 Rose Drive,2023-12-31,0.0
1229,704 Rose Drive,2024-12-31,0.0
1230,705 Halcyon Ct,2020-12-31,0.0
1231,705 Halcyon Ct,2021-12-31,0.0
1232,705 Halcyon Ct,2022-12-31,0.0
1233,705 Halcyon Ct,2023-12-31,0.0
1234,705 Halcyon Ct,2024-12-31,0.0
1235,706 Florence St,2020-12-31,0.0
1236,706 Florence St,2021-12-31,0.0
1237,706 Florence St,2022-12-31,0.0
1238,706 Florence St,2023-12-31,0.0
1239,706 Florence St,2024-12-31,0.0
1240,707 Lakeview Ave,2020-12-31,0.0
1241,707 Lakeview Ave,2021-12-31,0.0
1242,707 Lakeview Ave,2022-12-31,0.0
1243,707 Lakeview Ave,2023-12-31,0.0
1244,707 Lakeview Ave,2024-12-31,0.0
1245,712 Lakeview Ave,2020-12-31,0.0
1246,712 Lakeview Ave,2021-12-31,0.0
1247,712 Lakeview Ave,2022-12-31,0.0
1248,712 Lakeview Ave,2023-12-31,0.0
1249,712 Lakeview Ave,2024-12-31,0.0
1250,712 North Wagner Rd,2020-12-31,0.0
1251,712 North Wagner Rd,2021-12-31,0.0
1252,712 North Wagner Rd,2022-12-31,0.0
1253,712 North Wagner Rd,2023-12-31,0.0
1254,712 North Wagner Rd,2024-12-31,0.0
1255,714 Halcyon Ct,2020-12-31,0.0
1256,714 Halcyon Ct,2021-12-31,0.0
1257,714 Halcyon Ct,2022-12-31,0.0
1258,714 Halcyon Ct,2023-12-31,0.0
1259,714 Halcyon Ct,2024-12-31,0.0
1260,715 Rose Drive,2020-12-31,0.0
1261,715 Rose Drive,2021-12-31,0.0
1262,715 Rose Drive,2022-12-31,0.0
1263,715 Rose Drive,2023-12-31,0.0
1264,715 Rose Drive,2024-12-31,0.0
1265,728 Rose Drive,2020-12-31,0.0
1266,728 Rose Drive,2021-12-31,0.0
1267,728 Rose Drive,2022-12-31,0.0
1268,728 Rose Drive,2023-12-31,0.0
1269,728 Rose Drive,2024-12-31,0.0
1270,731 Lakeview Ave,2020-12-31,0.0
1271,731 Lakeview Ave,2021-12-31,0.0
1272,731 Lakeview Ave,2022-12-31,0.0
1273,731 Lakeview Ave,2023-12-31,0.0
1274,731 Lakeview Ave,2024-12-31,0.0
1275,739 Rose Drive,2020-12-31,0.0
1276,739 Rose Drive,2021-12-31,0.0
1277,739 Rose Drive,2022-12-31,0.0
1278,739 Rose Drive,2023-12-31,0.0
1279,739 Rose Drive,2024-12-31,0.0
1280,740 North Wagner Rd,2020-12-31,0.0
1281,740 North Wagner Rd,2021-12-31,0.0
1282,740 North Wagner Rd,2022-12-31,0.0
1283,740 North Wagner Rd,2023-12-31,0.0
1284,740 North Wagner Rd,2024-12-31,0.0
1285,740 Rose Drive,2020-12-31,0.0
1286,740 Rose Drive,2021-12-31,0.0
1287,740 Rose Drive,2022-12-31,0.0
1288,740 Rose Drive,2023-12-31,0.0
1289,740 Rose Drive,2024-12-31,0.0
1290,747 Rose Drive,2020-12-31,0.0
1291,747 Rose Drive,2021-12-31,0.0
1292,747 Rose Drive,2022-12-31,0.0
1293,747 Rose Drive,2023-12-31,0.0
1294,747 Rose Drive,2024-12-31,0.0
1295,75 W DELHI RD,2020-12-31,0.0
1296,75 W DELHI RD,2021-12-31,0.0
1297,75 W DELHI RD,2022-12-31,0.0
1298,75 W DELHI RD,2023-12-31,0.0
1299,75 W DELHI RD,2024-12-31,0.0
1300,751 Lakeview Ave,2020-12-31,0.0
1301,751 Lakeview Ave,2021-12-31,0.0
1302,751 Lakeview Ave,2022-12-31,0.0
1303,751 Lakeview Ave,2023-12-31,0.0
1304,751 Lakeview Ave,2024-12-31,0.0
1305,752 Lakeview Ave,2020-12-31,0.0
1306,752 Lakeview Ave,2021-12-31,0.0
1307,752 Lakeview Ave,2022-12-31,0.0
1308,752 Lakeview Ave,2023-12-31,0.0
1309,752 Lakeview Ave,2024-12-31,0.0
1310,752 Rose Drive,2020-12-31,0.0
1311,752 Rose Drive,2021-12-31,0.0
1312,752 Rose Drive,2022-12-31,0.0
1313,752 Rose Drive,2023-12-31,0.0
1314,752 Rose Drive,2024-12-31,0.0
1315,755 Rose Drive,2020-12-31,0.0
1316,755 Rose Drive,2021-12-31,0.0
1317,755 Rose Drive,2022-12-31,0.0
1318,755 Rose Drive,2023-12-31,0.0
1319,755 Rose Drive,2024-12-31,0.0
1320,761 Lakeview Ave,2020-12-31,0.0
1321,761 Lakeview Ave,2021-12-31,0.0
1322,761 Lakeview Ave,2022-12-31,0.0
1323,761 Lakeview Ave,2023-12-31,0.0
1324,761 Lakeview Ave,2024-12-31,0.0
1325,764 Rose Drive,2020-12-31,0.0
1326,764 Rose Drive,2021-12-31,0.0
1327,764 Rose Drive,2022-12-31,0.0
1328,764 Rose Drive,2023-12-31,0.0
1329,764 Rose Drive,2024-12-31,0.0
1330,772 North Wagner Rd,2020-12-31,0.0
1331,772 North Wagner Rd,2021-12-31,0.0
1332,772 North Wagner Rd,2022-12-31,0.0
1333,772 North Wagner Rd,2023-12-31,0.0
1334,772 North Wagner Rd,2024-12-31,0.0
1335,776 Rose Drive,2020-12-31,0.0
1336,776 Rose Drive,2021-12-31,0.0
1337,776 Rose Drive,2022-12-31,0.0
1338,776 Rose Drive,2023-12-31,0.0
1339,776 Rose Drive,2024-12-31,0.0
1340,783 Rose Drive,2020-12-31,0.0
1341,783 Rose Drive,2021-12-31,0.0
1342,783 Rose Drive,2022-12-31,0.0
1343,783 Rose Drive,2023-12-31,0.0
1344,783 Rose Drive,2024-12-31,0.0
1345,788 Rose Drive,2020-12-31,0.0
1346,788 Rose Drive,2021-12-31,0.0
1347,788 Rose Drive,2022-12-31,0.0
1348,788 Rose Drive,2023-12-31,0.0
1349,788 Rose Drive,2024-12-31,0.0
1350,79 W DELHI RD,2020-12-31,0.0
1351,79 W DELHI RD,2021-12-31,0.0
1352,79 W DELHI RD,2022-12-31,0.0
1353,79 W DELHI RD,2023-12-31,0.0
1354,79 W DELHI RD,2024-12-31,0.0
1355,825 Stonegate,2020-12-31,0.0
1356,825 Stonegate,2021-12-31,0.0
1357,825 Stonegate,2022-12-31,0.0
1358,825 Stonegate,2023-12-31,0.0
1359,825 Stonegate,2024-12-31,0.0
1360,828 Rose Drive,2020-12-31,0.0
1361,828 Rose Drive,2021-12-31,0.0
1362,828 Rose Drive,2022-12-31,0.0
1363,828 Rose Drive,2023-12-31,0.0
1364,828 Rose Drive,2024-12-31,0.0
1365,83 W DELHI RD,2020-12-31,0.0
1366,83 W DELHI RD,2021-12-31,0.0
1367,83 W DELHI RD,2022-12-31,0.0
1368,83 W DELHI RD,2023-12-31,0.0
1369,83 W DELHI RD,2024-12-31,0.0
1370,841 Rose Drive,2020-12-31,0.0
1371,841 Rose Drive,2021-12-31,0.0
1372,841 Rose Drive,2022-12-31,0.0
1373,841 Rose Drive,2023-12-31,0.0
1374,841 Rose Drive,2024-12-31,0.0
1375,841 Waterman,2020-12-31,0.0
1376,841 Waterman,2021-12-31,0.0
1377,841 Waterman,2022-12-31,0.0
1378,841 Waterman,2023-12-31,0.0
1379,841 Waterman,2024-12-31,0.0
1380,85 W DELHI RD,2020-12-31,0.0
1381,85 W DELHI RD,2021-12-31,0.0
1382,85 W DELHI RD,2022-12-31,0.0
1383,85 W DELHI RD,2023-12-31,0.0
1384,85 W DELHI RD,2024-12-31,0.0
1385,858 Rose Drive,2020-12-31,0.0
1386,858 Rose Drive,2021-12-31,0.0
1387,858 Rose Drive,2022-12-31,0.0
1388,858 Rose Drive,2023-12-31,0.0
1389,858 Rose Drive,2024-12-31,0.0
1390,859 Rose Drive,2020-12-31,0.0
1391,859 Rose Drive,2021-12-31,0.0
1392,859 Rose Drive,2022-12-31,0.0
1393,859 Rose Drive,2023-12-31,0.0
1394,859 Rose Drive,2024-12-31,0.0
1395,891 Rose Drive,2020-12-31,0.0
1396,891 Rose Drive,2021-12-31,0.0
1397,891 Rose Drive,2022-12-31,0.0
1398,891 Rose Drive,2023-12-31,0.0
1399,891 Rose Drive,2024-12-31,0.0
1400,892 ROSE DRIVE,2020-12-31,0.0
1401,892 ROSE DRIVE,2021-12-31,0.0
1402,892 ROSE DRIVE,2022-12-31,0.0
1403,892 ROSE DRIVE,2023-12-31,0.0
1404,892 ROSE DRIVE,2024-12-31,0.0
1405,907 Rose Drive,2020-12-31,0.0
1406,907 Rose Drive,2021-12-31,0.0
1407,907 Rose Drive,2022-12-31,0.0
1408,907 Rose Drive,2023-12-31,0.0
1409,907 Rose Drive,2024-12-31,0.0
1410,928 Rose Drive,2020-12-31,0.0
1411,928 Rose Drive,2021-12-31,0.0
1412,928 Rose Drive,2022-12-31,0.0
1413,928 Rose Drive,2023-12-31,0.0
1414,928 Rose Drive,2024-12-31,0.0
1415,933 Rose Drive,2020-12-31,0.0
1416,933 Rose Drive,2021-12-31,0.0
1417,933 Rose Drive,2022-12-31,0.0
1418,933 Rose Drive,2023-12-31,0.0
1419,933 Rose Drive,2024-12-31,0.0
1420,940 Rose Drive,2020-12-31,0.0
1421,940 Rose Drive,2021-12-31,0.0
1422,940 Rose Drive,2022-12-31,0.0
1423,940 Rose Drive,2023-12-31,0.0
1424,940 Rose Drive,2024-12-31,0.0
1425,945 Rose Drive,2020-12-31,0.0
1426,945 Rose Drive,2021-12-31,0.0
1427,945 Rose Drive,2022-12-31,0.0
1428,945 Rose Drive,2023-12-31,0.0
1429,945 Rose Drive,2024-12-31,0.0
1430,946 Rose Drive,2020-12-31,0.0
1431,946 Rose Drive,2021-12-31,0.0
1432,946 Rose Drive,2022-12-31,0.0
1433,946 Rose Drive,2023-12-31,0.0
1434,946 Rose Drive,2024-12-31,0.0
1435,953 Rose Drive,2020-12-31,0.0
1436,953 Rose Drive,2021-12-31,0.0
1437,953 Rose Drive,2022-12-31,0.0
1438,953 Rose Drive,2023-12-31,0.0
1439,953 Rose Drive,2024-12-31,0.0
1440,954 Rose Drive,2020-12-31,0.0
1441,954 Rose Drive,2021-12-31,0.0
1442,954 Rose Drive,2022-12-31,0.0
1443,954 Rose Drive,2023-12-31,0.0
1444,954 Rose Drive,2024-12-31,0.0
1445,96 BURTON RD,2020-12-31,0.0
1446,96 BURTON RD,2021-12-31,0.0
1447,96 BURTON RD,2022-12-31,0.0
1448,96 BURTON RD,2023-12-31,0.0
1449,96 BURTON RD,2024-12-31,0.0
1450,960 Newport,2020-12-31,0.0
1451,960 Newport,2021-12-31,0.0
1452,960 Newport,2022-12-31,0.0
1453,960 Newport,2023-12-31,0.0
1454,960 Newport,2024-12-31,0.0
1455,98 MYRTLE,2020-12-31,0.0
1456,98 MYRTLE,2021-12-31,0.0
1457,98 MYRTLE,2022-12-31,0.0
1458,98 MYRTLE,2023-12-31,0.0
1459,98 MYRTLE,2024-12-31,0.0
1460,A2 Cleaning Supply,2020-12-31,66.07953870411576
1461,A2 Cleaning Supply,2021-12-31,61.2722179362808
1462,A2 Cleaning Supply,2022-12-31,56.26667087456433
1463,A2 Cleaning Supply,2023-12-31,51.064319604550455
1464,A2 Cleaning Supply,2024-12-31,45.66604261835146
1465,AE-1,2020-12-31,111.25777803572532
1466,AE-1,2021-12-31,111.5219098181326
1467,AE-1,2022-12-31,111.78604160053992
1468,AE-1,2023-12-31,112.05017338294722
1469,AE-1,2024-12-31,112.31430516535453
1470,AE-2,2020-12-31,398.3877308539528
1471,AE-2,2021-12-31,303.007504877831
1472,AE-2,2022-12-31,232.72674416272287
1473,AE-2,2023-12-31,171.69582906269542
1474,AE-2,2024-12-31,130.3105222838238
1475,AE-3,2020-12-31,137.36551100683658
1476,AE-3,2021-12-31,139.02570275134983
1477,AE-3,2022-12-31,146.03001519221834
1478,AE-3,2023-12-31,147.4518635019242
1479,AE-3,2024-12-31,156.60201510939532
1480,AMW-1,2020-12-31,365.9568373565133
1481,AMW-1,2021-12-31,364.02682105288255
1482,AMW-1,2022-12-31,362.251316117254
1483,AMW-1,2023-12-31,362.251316117254
1484,AMW-1,2024-12-31,362.251316117254
1485,AMW-2,2020-12-31,39.99519658800273
1486,AMW-2,2021-12-31,14.635023542708696
1487,AMW-2,2022-12-31,14.546249801589203
1488,AMW-2,2023-12-31,14.99913435659396
1489,AMW-2,2024-12-31,14.52449268962004
1490,ARTESIAN #1,2020-12-31,17.108621499484087
1491,ARTESIAN #1,2021-12-31,15.448294641478364
1492,ARTESIAN #1,2022-12-31,14.452574825377138
1493,ARTESIAN #1,2023-12-31,11.649393465051896
1494,ARTESIAN #1,2024-12-31,9.87604193281254
1495,ARTESIAN #2,2020-12-31,15.7126254931819
1496,ARTESIAN #2,2021-12-31,15.7126254931819
1497,ARTESIAN #2,2022-12-31,15.7126254931819
1498,ARTESIAN #2,2023-12-31,15.7126254931819
1499,ARTESIAN #2,2024-12-31,15.7126254931819
1500,ARTESIAN #3,2020-12-31,12.257886125859343
1501,ARTESIAN #3,2021-12-31,12.22837807345308
1502,ARTESIAN #3,2022-12-31,12.19887002104682
1503,ARTESIAN #3,2023-12-31,12.169361968640557
1504,ARTESIAN #3,2024-12-31,12.1397730722551
1505,Bethlehem Cemetery,2020-12-31,0.0
1506,Bethlehem Cemetery,2021-12-31,0.0
1507,Bethlehem Cemetery,2022-12-31,0.0
1508,Bethlehem Cemetery,2023-12-31,0.0
1509,Bethlehem Cemetery,2024-12-31,0.0
1510,DOLPH,2020-12-31,121.4517539388856
1511,DOLPH,2021-12-31,130.73982333950218
1512,DOLPH,2022-12-31,140.03551476030333
1513,DOLPH,2023-12-31,149.3380465418828
1514,DOLPH,2024-12-31,158.58849340251467
1515,Eaton-101d,2020-12-31,0.0
1516,Eaton-101d,2021-12-31,0.0
1517,Eaton-101d,2022-12-31,0.0
1518,Eaton-101d,2023-12-31,0.0
1519,Eaton-101d,2024-12-31,0.0
1520,Eaton-106d,2020-12-31,0.0
1521,Eaton-106d,2021-12-31,0.0
1522,Eaton-106d,2022-12-31,0.0
1523,Eaton-106d,2023-12-31,0.0
1524,Eaton-106d,2024-12-31,0.0
1525,Eaton-107d,2020-12-31,0.0
1526,Eaton-107d,2021-12-31,0.0
1527,Eaton-107d,2022-12-31,0.0
1528,Eaton-107d,2023-12-31,0.0
1529,Eaton-107d,2024-12-31,0.0
1530,HCMW-2d,2020-12-31,0.0
1531,HCMW-2d,2021-12-31,0.0
1532,HCMW-2d,2022-12-31,0.0
1533,HCMW-2d,2023-12-31,0.0
1534,HCMW-2d,2024-12-31,0.0
1535,HZ-N,2020-12-31,444.8363958915161
1536,HZ-N,2021-12-31,466.1835199921371
1537,HZ-N,2022-12-31,484.47117640368
1538,HZ-N,2023-12-31,510.4719634656929
1539,HZ-N,2024-12-31,534.2971671227139
1540,HZ-S,2020-12-31,736.435102978326
1541,HZ-S,2021-12-31,736.435102978326
1542,HZ-S,2022-12-31,736.435102978326
1543,HZ-S,2023-12-31,736.435102978326
1544,HZ-S,2024-12-31,736.435102978326
1545,IW-1,2020-12-31,0.0
1546,IW-1,2021-12-31,0.0
1547,IW-1,2022-12-31,0.0
1548,IW-1,2023-12-31,0.0
1549,IW-1,2024-12-31,0.0
1550,IW-2,2020-12-31,399.47454594647
1551,IW-2,2021-12-31,405.0197574700899
1552,IW-2,2022-12-31,410.5649689937099
1553,IW-2,2023-12-31,416.11018051732987
1554,IW-2,2024-12-31,421.6553920409498
1555,LB-1,2020-12-31,381.0962383364377
1556,LB-1,2021-12-31,336.4284910937047
1557,LB-1,2022-12-31,317.6805920620176
1558,LB-1,2023-12-31,304.953938439466
1559,LB-1,2024-12-31,317.06112518084103
1560,LB-2,2020-12-31,893.0460665686047
1561,LB-2,2021-12-31,892.1777974110443
1562,LB-2,2022-12-31,891.3095282534837
1563,LB-2,2023-12-31,890.4412590959232
1564,LB-2,2024-12-31,889.5729899383628
1565,LB-3,2020-12-31,466.0393263975057
1566,LB-3,2021-12-31,466.09957528444943
1567,LB-3,2022-12-31,464.93836677323935
1568,LB-3,2023-12-31,461.26546724962174
1569,LB-3,2024-12-31,456.4140692205912
1570,LBOW-1,2020-12-31,516.7023201146226
1571,LBOW-1,2021-12-31,516.7023201146226
1572,LBOW-1,2022-12-31,516.7023201146226
1573,LBOW-1,2023-12-31,516.7023201146226
1574,LBOW-1,2024-12-31,523.3417336887452
1575,LS-1,2020-12-31,607.7286472068433
1576,LS-1,2021-12-31,620.6144879651637
1577,LS-1,2022-12-31,629.4197972747648
1578,LS-1,2023-12-31,636.2919536829236
1579,LS-1,2024-12-31,642.9868931912516
1580,LS-2,2020-12-31,0.0
1581,LS-2,2021-12-31,0.0
1582,LS-2,2022-12-31,0.0
1583,LS-2,2023-12-31,0.0
1584,LS-2,2024-12-31,0.0
1585,LS-3,2020-12-31,429.5928351661205
1586,LS-3,2021-12-31,467.05399819080014
1587,LS-3,2022-12-31,480.78747210863406
1588,LS-3,2023-12-31,451.6129092206973
1589,LS-3,2024-12-31,391.0038069178227
1590,LS-5,2020-12-31,3105.5752796685947
1591,LS-5,2021-12-31,3096.563121681952
1592,LS-5,2022-12-31,3087.720898998565
1593,LS-5,2023-12-31,3079.042321547885
1594,LS-5,2024-12-31,3070.521866326742
1595,MOW-1,2020-12-31,580.917343581864
1596,MOW-1,2021-12-31,580.917343581864
1597,MOW-1,2022-12-31,580.917343581864
1598,MOW-1,2023-12-31,580.917343581864
1599,MOW-1,2024-12-31,580.917343581864
1600,MW-1,2020-12-31,1894.78679367922
1601,MW-1,2021-12-31,1894.78679367922
1602,MW-1,2022-12-31,1894.78679367922
1603,MW-1,2023-12-31,1894.78679367922
1604,MW-1,2024-12-31,1894.78679367922
1605,MW-1 Replacement,2020-12-31,2718.198110179864
1606,MW-1 Replacement,2021-12-31,2718.198110179864
1607,MW-1 Replacement,2022-12-31,2718.198110179864
1608,MW-1 Replacement,2023-12-31,2718.198110179864
1609,MW-1 Replacement,2024-12-31,2718.198110179864
1610,MW-100,2020-12-31,2211.1035341615825
1611,MW-100,2021-12-31,2228.8374362788395
1612,MW-100,2022-12-31,2246.6199011993126
1613,MW-100,2023-12-31,2264.3538033165696
1614,MW-100,2024-12-31,2282.1362682370427
1615,MW-101,2020-12-31,135.83419136288276
1616,MW-101,2021-12-31,334.8254054280864
1617,MW-101,2022-12-31,334.8254054280864
1618,MW-101,2023-12-31,337.5760070746276
1619,MW-101,2024-12-31,337.5760070746276
1620,MW-102d,2020-12-31,0.0
1621,MW-102d,2021-12-31,0.0
1622,MW-102d,2022-12-31,0.0
1623,MW-102d,2023-12-31,0.0
1624,MW-102d,2024-12-31,0.0
1625,MW-102s,2020-12-31,0.0
1626,MW-102s,2021-12-31,0.0
1627,MW-102s,2022-12-31,0.0
1628,MW-102s,2023-12-31,0.0
1629,MW-102s,2024-12-31,0.0
1630,MW-103d,2020-12-31,8.963926307544149
1631,MW-103d,2021-12-31,8.609038415050955
1632,MW-103d,2022-12-31,7.750446754648756
1633,MW-103d,2023-12-31,6.9808460054181545
1634,MW-103d,2024-12-31,6.210208813940547
1635,MW-103s,2020-12-31,57.44584966313089
1636,MW-103s,2021-12-31,60.11889286186834
1637,MW-103s,2022-12-31,64.51849775211514
1638,MW-103s,2023-12-31,71.14566259501956
1639,MW-103s,2024-12-31,75.79771561915652
1640,MW-104,2020-12-31,17.098399470464916
1641,MW-104,2021-12-31,20.252473726086425
1642,MW-104,2022-12-31,23.295429575108077
1643,MW-104,2023-12-31,27.373679752331757
1644,MW-104,2024-12-31,30.573144139451045
1645,MW-105d,2020-12-31,160.7589824911874
1646,MW-105d,2021-12-31,123.5348735853814
1647,MW-105d,2022-12-31,99.12551627095206
1648,MW-105d,2023-12-31,88.45460825620637
1649,MW-105d,2024-12-31,91.97381213376975
1650,MW-105s,2020-12-31,525.4517531636372
1651,MW-105s,2021-12-31,519.6507409857065
1652,MW-105s,2022-12-31,513.8497288077758
1653,MW-105s,2023-12-31,508.0487166298451
1654,MW-105s,2024-12-31,502.2477044519144
1655,MW-106d,2020-12-31,0.0
1656,MW-106d,2021-12-31,0.0
1657,MW-106d,2022-12-31,0.0
1658,MW-106d,2023-12-31,0.0
1659,MW-106d,2024-12-31,0.0
1660,MW-106s,2020-12-31,208.4093049055336
1661,MW-106s,2021-12-31,197.0439824601892
1662,MW-106s,2022-12-31,191.157308816602
1663,MW-106s,2023-12-31,188.1324602779817
1664,MW-106s,2024-12-31,186.5845633035836
1665,MW-107,2020-12-31,759.1444137347917
1666,MW-107,2021-12-31,793.611905239823
1667,MW-107,2022-12-31,821.6949014678513
1668,MW-107,2023-12-31,843.1828409522752
1669,MW-107,2024-12-31,858.0458581132579
1670,MW-108d,2020-12-31,497.1760867575301
1671,MW-108d,2021-12-31,346.6308015371666
1672,MW-108d,2022-12-31,196.08551631680308
1673,MW-108d,2023-12-31,45.540231096439584
1674,MW-108d,2024-12-31,0.0
1675,MW-108s,2020-12-31,397.8503219671493
1676,MW-108s,2021-12-31,422.3501102130126
1677,MW-108s,2022-12-31,446.84989845887617
1678,MW-108s,2023-12-31,471.3496867047395
1679,MW-108s,2024-12-31,495.91659765812574
1680,MW-10d,2020-12-31,769.1049090111658
1681,MW-10d,2021-12-31,765.690793597879
1682,MW-10d,2022-12-31,762.3241601824801
1683,MW-10d,2023-12-31,759.0043484064719
1684,MW-10d,2024-12-31,755.7218010446426
1685,MW-10s,2020-12-31,29.441907664138768
1686,MW-10s,2021-12-31,29.982808228953083
1687,MW-10s,2022-12-31,30.50169736555217
1688,MW-10s,2023-12-31,31.14628015008113
1689,MW-10s,2024-12-31,31.64253933709737
1690,MW-110,2020-12-31,73.05414495337187
1691,MW-110,2021-12-31,74.84782229597874
1692,MW-110,2022-12-31,75.74472817182102
1693,MW-110,2023-12-31,110.32593184076208
1694,MW-110,2024-12-31,110.98977280126664
1695,MW-111,2020-12-31,0.0
1696,MW-111,2021-12-31,0.0
1697,MW-111,2022-12-31,0.0
1698,MW-111,2023-12-31,0.0
1699,MW-111,2024-12-31,0.0
1700,MW-112d,2020-12-31,0.0
1701,MW-112d,2021-12-31,0.0
1702,MW-112d,2022-12-31,0.0
1703,MW-112d,2023-12-31,0.0
1704,MW-112d,2024-12-31,0.0
1705,MW-112i,2020-12-31,9.912574325291745
1706,MW-112i,2021-12-31,10.06421635592667
1707,MW-112i,2022-12-31,10.21553030904843
1708,MW-112i,2023-12-31,11.25216240542735
1709,MW-112i,2024-12-31,11.71816096397633
1710,MW-112s,2020-12-31,0.0
1711,MW-112s,2021-12-31,0.0
1712,MW-112s,2022-12-31,0.0
1713,MW-112s,2023-12-31,0.0
1714,MW-112s,2024-12-31,0.0
1715,MW-113,2020-12-31,69.13808084881492
1716,MW-113,2021-12-31,74.60531088485598
1717,MW-113,2022-12-31,78.14252130389596
1718,MW-113,2023-12-31,81.33646213957957
1719,MW-113,2024-12-31,86.07956282153043
1720,MW-115,2020-12-31,530.2249240603142
1721,MW-115,2021-12-31,532.635136904609
1722,MW-115,2022-12-31,535.0412225603187
1723,MW-115,2023-12-31,537.4431203837036
1724,MW-115,2024-12-31,539.8407294417107
1725,MW-116,2020-12-31,391.53281140593214
1726,MW-116,2021-12-31,377.19163135342416
1727,MW-116,2022-12-31,367.69630794431714
1728,MW-116,2023-12-31,371.13814022113615
1729,MW-116,2024-12-31,365.2449092180262
1730,MW-117,2020-12-31,0.0
1731,MW-117,2021-12-31,0.0
1732,MW-117,2022-12-31,0.0
1733,MW-117,2023-12-31,0.0
1734,MW-117,2024-12-31,0.0
1735,MW-118,2020-12-31,50.2772128053063
1736,MW-118,2021-12-31,50.2772128053063
1737,MW-118,2022-12-31,50.2772128053063
1738,MW-118,2023-12-31,50.2772128053063
1739,MW-118,2024-12-31,50.2772128053063
1740,MW-119,2020-12-31,46.0925947532683
1741,MW-119,2021-12-31,46.0925947532683
1742,MW-119,2022-12-31,46.0925947532683
1743,MW-119,2023-12-31,46.0925947532683
1744,MW-119,2024-12-31,46.0925947532683
1745,MW-11d,2020-12-31,503.4296514558696
1746,MW-11d,2021-12-31,506.04101890718255
1747,MW-11d,2022-12-31,555.0341086179991
1748,MW-11d,2023-12-31,1052.1655634587987
1749,MW-11d,2024-12-31,1062.1973210999483
1750,MW-11i,2020-12-31,19.603631012166048
1751,MW-11i,2021-12-31,19.931655621765007
1752,MW-11i,2022-12-31,19.630264224899168
1753,MW-11i,2023-12-31,19.1806800457646
1754,MW-11i,2024-12-31,18.74445062847087
1755,MW-11s,2020-12-31,628.4901923544421
1756,MW-11s,2021-12-31,1855.9681398552336
1757,MW-11s,2022-12-31,2767.559995291733
1758,MW-11s,2023-12-31,4132.015841404995
1759,MW-11s,2024-12-31,5037.086463683758
1760,MW-120d,2020-12-31,0.0
1761,MW-120d,2021-12-31,0.0
1762,MW-120d,2022-12-31,0.0
1763,MW-120d,2023-12-31,0.0
1764,MW-120d,2024-12-31,0.0
1765,MW-120s,2020-12-31,0.0
1766,MW-120s,2021-12-31,0.0
1767,MW-120s,2022-12-31,0.0
1768,MW-120s,2023-12-31,0.0
1769,MW-120s,2024-12-31,0.0
1770,MW-121d,2020-12-31,1.8927152558867903
1771,MW-121d,2021-12-31,1.8933228075909
1772,MW-121d,2022-12-31,1.8938171437863245
1773,MW-121d,2023-12-31,1.8942193611760985
1774,MW-121d,2024-12-31,1.894547432619996
1775,MW-121s,2020-12-31,0.0
1776,MW-121s,2021-12-31,0.0
1777,MW-121s,2022-12-31,0.0
1778,MW-121s,2023-12-31,0.0
1779,MW-121s,2024-12-31,0.0
1780,MW-122d,2020-12-31,0.0
1781,MW-122d,2021-12-31,0.0
1782,MW-122d,2022-12-31,0.0
1783,MW-122d,2023-12-31,0.0
1784,MW-122d,2024-12-31,0.0
1785,MW-122s,2020-12-31,192.09528088290523
1786,MW-122s,2021-12-31,194.0577312823621
1787,MW-122s,2022-12-31,193.16792522632971
1788,MW-122s,2023-12-31,189.4258627148081
1789,MW-122s,2024-12-31,182.83154374779707
1790,MW-123d,2020-12-31,0.0
1791,MW-123d,2021-12-31,0.0
1792,MW-123d,2022-12-31,0.0
1793,MW-123d,2023-12-31,0.0
1794,MW-123d,2024-12-31,0.0
1795,MW-123s,2020-12-31,0.0
1796,MW-123s,2021-12-31,0.0
1797,MW-123s,2022-12-31,0.0
1798,MW-123s,2023-12-31,0.0
1799,MW-123s,2024-12-31,0.0
1800,MW-124d,2020-12-31,0.0
1801,MW-124d,2021-12-31,0.0
1802,MW-124d,2022-12-31,0.0
1803,MW-124d,2023-12-31,0.0
1804,MW-124d,2024-12-31,0.0
1805,MW-124s,2020-12-31,0.0
1806,MW-124s,2021-12-31,0.0
1807,MW-124s,2022-12-31,0.0
1808,MW-124s,2023-12-31,0.0
1809,MW-124s,2024-12-31,0.0
1810,MW-125,2020-12-31,194.3511165549012
1811,MW-125,2021-12-31,189.5694715557323
1812,MW-125,2022-12-31,184.62528785261657
1813,MW-125,2023-12-31,179.52051062797466
1814,MW-125,2024-12-31,174.2569896428383
1815,MW-126d,2020-12-31,0.0
1816,MW-126d,2021-12-31,0.0
1817,MW-126d,2022-12-31,0.0
1818,MW-126d,2023-12-31,0.0
1819,MW-126d,2024-12-31,0.0
1820,MW-126s,2020-12-31,0.0
1821,MW-126s,2021-12-31,0.0
1822,MW-126s,2022-12-31,0.0
1823,MW-126s,2023-12-31,0.0
1824,MW-126s,2024-12-31,0.0
1825,MW-127d,2020-12-31,0.0
1826,MW-127d,2021-12-31,0.0
1827,MW-127d,2022-12-31,0.0
1828,MW-127d,2023-12-31,0.0
1829,MW-127d,2024-12-31,0.0
1830,MW-127s,2020-12-31,0.0
1831,MW-127s,2021-12-31,0.0
1832,MW-127s,2022-12-31,0.0
1833,MW-127s,2023-12-31,0.0
1834,MW-127s,2024-12-31,0.0
1835,MW-128d,2020-12-31,0.0
1836,MW-128d,2021-12-31,0.0
1837,MW-128d,2022-12-31,0.0
1838,MW-128d,2023-12-31,0.0
1839,MW-128d,2024-12-31,0.0
1840,MW-128s,2020-12-31,0.0
1841,MW-128s,2021-12-31,0.0
1842,MW-128s,2022-12-31,0.0
1843,MW-128s,2023-12-31,0.0
1844,MW-128s,2024-12-31,0.0
1845,MW-129d,2020-12-31,1.446600202667231
1846,MW-129d,2021-12-31,1.446886619971882
1847,MW-129d,2022-12-31,1.447117272264659
1848,MW-129d,2023-12-31,1.447303016706482
1849,MW-129d,2024-12-31,1.447452963625031
1850,MW-129i,2020-12-31,0.0
1851,MW-129i,2021-12-31,0.0
1852,MW-129i,2022-12-31,0.0
1853,MW-129i,2023-12-31,0.0
1854,MW-129i,2024-12-31,0.0
1855,MW-129s,2020-12-31,0.0
1856,MW-129s,2021-12-31,0.0
1857,MW-129s,2022-12-31,0.0
1858,MW-129s,2023-12-31,0.0
1859,MW-129s,2024-12-31,0.0
1860,MW-12d,2020-12-31,0.0
1861,MW-12d,2021-12-31,0.0
1862,MW-12d,2022-12-31,0.0
1863,MW-12d,2023-12-31,0.0
1864,MW-12d,2024-12-31,0.0
1865,MW-12s,2020-12-31,0.0
1866,MW-12s,2021-12-31,0.0
1867,MW-12s,2022-12-31,0.0
1868,MW-12s,2023-12-31,0.0
1869,MW-12s,2024-12-31,0.0
1870,MW-13,2020-12-31,0.0
1871,MW-13,2021-12-31,0.0
1872,MW-13,2022-12-31,0.0
1873,MW-13,2023-12-31,0.0
1874,MW-13,2024-12-31,0.0
1875,MW-130d,2020-12-31,0.0
1876,MW-130d,2021-12-31,0.0
1877,MW-130d,2022-12-31,0.0
1878,MW-130d,2023-12-31,0.0
1879,MW-130d,2024-12-31,0.0
1880,MW-130i,2020-12-31,1.874177748592909
1881,MW-130i,2021-12-31,1.9463254547225737
1882,MW-130i,2022-12-31,2.0181730733167256
1883,MW-130i,2023-12-31,2.0897215161346816
1884,MW-130i,2024-12-31,2.161183828432597
1885,MW-130s,2020-12-31,0.0
1886,MW-130s,2021-12-31,0.0
1887,MW-130s,2022-12-31,0.0
1888,MW-130s,2023-12-31,0.0
1889,MW-130s,2024-12-31,0.0
1890,MW-131d,2020-12-31,0.0
1891,MW-131d,2021-12-31,0.0
1892,MW-131d,2022-12-31,0.0
1893,MW-131d,2023-12-31,0.0
1894,MW-131d,2024-12-31,0.0
1895,MW-131s,2020-12-31,0.0
1896,MW-131s,2021-12-31,0.0
1897,MW-131s,2022-12-31,0.0
1898,MW-131s,2023-12-31,0.0
1899,MW-131s,2024-12-31,0.0
1900,MW-133d,2020-12-31,2.98924175148873
1901,MW-133d,2021-12-31,2.98924175148873
1902,MW-133d,2022-12-31,2.98924175148873
1903,MW-133d,2023-12-31,2.98924175148873
1904,MW-133d,2024-12-31,2.98924175148873
1905,MW-133i,2020-12-31,1.8550641940981727
1906,MW-133i,2021-12-31,1.910057741187308
1907,MW-133i,2022-12-31,1.9650512882764424
1908,MW-133i,2023-12-31,2.020044835365577
1909,MW-133i,2024-12-31,2.075079718598553
1910,MW-133s,2020-12-31,1.691477894837536
1911,MW-133s,2021-12-31,1.6825088423613015
1912,MW-133s,2022-12-31,1.6812319933665818
1913,MW-133s,2023-12-31,1.6767386236887794
1914,MW-133s,2024-12-31,1.6968589179978952
1915,MW-134d,2020-12-31,4.845493734128741
1916,MW-134d,2021-12-31,4.844714287487727
1917,MW-134d,2022-12-31,4.843934966228581
1918,MW-134d,2023-12-31,4.843155770331137
1919,MW-134d,2024-12-31,4.842376699775228
1920,MW-134i,2020-12-31,8.488843093588482
1921,MW-134i,2021-12-31,8.071632597565742
1922,MW-134i,2022-12-31,7.654422101543003
1923,MW-134i,2023-12-31,7.237211605520263
1924,MW-134i,2024-12-31,6.820001109497524
1925,MW-134s,2020-12-31,9.30193669811477
1926,MW-134s,2021-12-31,9.30193669811477
1927,MW-134s,2022-12-31,9.30193669811477
1928,MW-134s,2023-12-31,9.30193669811477
1929,MW-134s,2024-12-31,9.30193669811477
1930,MW-135,2020-12-31,0.0
1931,MW-135,2021-12-31,0.0
1932,MW-135,2022-12-31,0.0
1933,MW-135,2023-12-31,0.0
1934,MW-135,2024-12-31,0.0
1935,MW-136d,2020-12-31,0.0
1936,MW-136d,2021-12-31,0.0
1937,MW-136d,2022-12-31,0.0
1938,MW-136d,2023-12-31,0.0
1939,MW-136d,2024-12-31,0.0
1940,MW-136i,2020-12-31,0.0
1941,MW-136i,2021-12-31,0.0
1942,MW-136i,2022-12-31,0.0
1943,MW-136i,2023-12-31,0.0
1944,MW-136i,2024-12-31,0.0
1945,MW-136s,2020-12-31,0.0
1946,MW-136s,2021-12-31,0.0
1947,MW-136s,2022-12-31,0.0
1948,MW-136s,2023-12-31,0.0
1949,MW-136s,2024-12-31,0.0
1950,MW-137d,2020-12-31,0.0
1951,MW-137d,2021-12-31,0.0
1952,MW-137d,2022-12-31,0.0
1953,MW-137d,2023-12-31,0.0
1954,MW-137d,2024-12-31,0.0
1955,MW-137s,2020-12-31,0.0
1956,MW-137s,2021-12-31,0.0
1957,MW-137s,2022-12-31,0.0
1958,MW-137s,2023-12-31,0.0
1959,MW-137s,2024-12-31,0.0
1960,MW-138d,2020-12-31,0.0
1961,MW-138d,2021-12-31,0.0
1962,MW-138d,2022-12-31,0.0
1963,MW-138d,2023-12-31,0.0
1964,MW-138d,2024-12-31,0.0
1965,MW-138i,2020-12-31,9.173424258635531
1966,MW-138i,2021-12-31,9.19779651606769
1967,MW-138i,2022-12-31,9.222697609275311
1968,MW-138i,2023-12-31,9.248127538258387
1969,MW-138i,2024-12-31,9.274496599022497
1970,MW-138s,2020-12-31,0.0
1971,MW-138s,2021-12-31,0.0
1972,MW-138s,2022-12-31,0.0
1973,MW-138s,2023-12-31,0.0
1974,MW-138s,2024-12-31,0.0
1975,MW-139d,2020-12-31,0.0
1976,MW-139d,2021-12-31,0.0
1977,MW-139d,2022-12-31,0.0
1978,MW-139d,2023-12-31,0.0
1979,MW-139d,2024-12-31,0.0
1980,MW-139s,2020-12-31,0.0
1981,MW-139s,2021-12-31,0.0
1982,MW-139s,2022-12-31,0.0
1983,MW-139s,2023-12-31,0.0
1984,MW-139s,2024-12-31,0.0
1985,MW-140d,2020-12-31,0.0
1986,MW-140d,2021-12-31,0.0
1987,MW-140d,2022-12-31,0.0
1988,MW-140d,2023-12-31,0.0
1989,MW-140d,2024-12-31,0.0
1990,MW-140s,2020-12-31,0.0
1991,MW-140s,2021-12-31,0.0
1992,MW-140s,2022-12-31,0.0
1993,MW-140s,2023-12-31,0.0
1994,MW-140s,2024-12-31,0.0
1995,MW-141d,2020-12-31,3.55126746912537
1996,MW-141d,2021-12-31,3.55126746912537
1997,MW-141d,2022-12-31,3.55126746912537
1998,MW-141d,2023-12-31,3.55126746912537
1999,MW-141d,2024-12-31,3.55126746912537
2000,MW-141s,2020-12-31,2.4835140764206427
2001,MW-141s,2021-12-31,2.477697004272964
2002,MW-141s,2022-12-31,2.459890991753534
2003,MW-141s,2023-12-31,2.437720074187052
2004,MW-141s,2024-12-31,2.431484549424076
2005,MW-14d,2020-12-31,0.0
2006,MW-14d,2021-12-31,0.0
2007,MW-14d,2022-12-31,0.0
2008,MW-14d,2023-12-31,0.0
2009,MW-14d,2024-12-31,0.0
2010,MW-14s,2020-12-31,3.5779943854365666
2011,MW-14s,2021-12-31,3.4268082532181774
2012,MW-14s,2022-12-31,3.315422898228541
2013,MW-14s,2023-12-31,3.2706852151767576
2014,MW-14s,2024-12-31,3.3173409262768754
2015,MW-15d,2020-12-31,1.3771487250554408
2016,MW-15d,2021-12-31,1.3707611272583982
2017,MW-15d,2022-12-31,1.2920456473357889
2018,MW-15d,2023-12-31,1.175805060562221
2019,MW-15d,2024-12-31,1.1759242615324372
2020,MW-15s,2020-12-31,0.0
2021,MW-15s,2021-12-31,0.0
2022,MW-15s,2022-12-31,0.0
2023,MW-15s,2023-12-31,0.0
2024,MW-15s,2024-12-31,0.0
2025,MW-16,2020-12-31,1.921949024142947
2026,MW-16,2021-12-31,1.922910200362261
2027,MW-16,2022-12-31,1.9326878477071008
2028,MW-16,2023-12-31,1.9326878477071008
2029,MW-16,2024-12-31,1.914093729236736
2030,MW-17,2020-12-31,341.20298608539343
2031,MW-17,2021-12-31,336.2199234545359
2032,MW-17,2022-12-31,326.7556832109293
2033,MW-17,2023-12-31,320.73420879991977
2034,MW-17,2024-12-31,310.23013429427056
2035,MW-18d,2020-12-31,117.79329764075736
2036,MW-18d,2021-12-31,109.8457973366682
2037,MW-18d,2022-12-31,102.3532831990582
2038,MW-18d,2023-12-31,95.36519305311018
2039,MW-18d,2024-12-31,88.85366752538167
2040,MW-18s,2020-12-31,0.0
2041,MW-18s,2021-12-31,0.0
2042,MW-18s,2022-12-31,0.0
2043,MW-18s,2023-12-31,0.0
2044,MW-18s,2024-12-31,0.0
2045,MW-19,2020-12-31,565.1664883847469
2046,MW-19,2021-12-31,562.8920836555203
2047,MW-19,2022-12-31,560.3785842638966
2048,MW-19,2023-12-31,557.6312759833041
2049,MW-19,2024-12-31,554.6547083160581
2050,MW-20,2020-12-31,0.0
2051,MW-20,2021-12-31,0.0
2052,MW-20,2022-12-31,0.0
2053,MW-20,2023-12-31,0.0
2054,MW-20,2024-12-31,0.0
2055,MW-21,2020-12-31,0.0
2056,MW-21,2021-12-31,0.0
2057,MW-21,2022-12-31,0.0
2058,MW-21,2023-12-31,0.0
2059,MW-21,2024-12-31,0.0
2060,MW-22,2020-12-31,509.6009769667714
2061,MW-22,2021-12-31,567.9072787345868
2062,MW-22,2022-12-31,633.5086565730746
2063,MW-22,2023-12-31,707.3840302072546
2064,MW-22,2024-12-31,790.6516299481656
2065,MW-23,2020-12-31,158.45760613785708
2066,MW-23,2021-12-31,158.39204318750075
2067,MW-23,2022-12-31,158.32648023714438
2068,MW-23,2023-12-31,2507.734919113538
2069,MW-23,2024-12-31,158.1953645562567
2070,MW-24,2020-12-31,663.963688273882
2071,MW-24,2021-12-31,663.963688273882
2072,MW-24,2022-12-31,663.963688273882
2073,MW-24,2023-12-31,663.963688273882
2074,MW-24,2024-12-31,663.963688273882
2075,MW-25d,2020-12-31,155.860710288931
2076,MW-25d,2021-12-31,155.860710288931
2077,MW-25d,2022-12-31,155.860710288931
2078,MW-25d,2023-12-31,155.860710288931
2079,MW-25d,2024-12-31,155.860710288931
2080,MW-25s,2020-12-31,174.3694807745003
2081,MW-25s,2021-12-31,174.3694807745003
2082,MW-25s,2022-12-31,174.3694807745003
2083,MW-25s,2023-12-31,174.3694807745003
2084,MW-25s,2024-12-31,174.3694807745003
2085,MW-26,2020-12-31,3.828716632314058
2086,MW-26,2021-12-31,3.816217707232689
2087,MW-26,2022-12-31,3.792252172273569
2088,MW-26,2023-12-31,3.357330840331585
2089,MW-26,2024-12-31,3.174935519439156
2090,MW-27,2020-12-31,18.51314288995037
2091,MW-27,2021-12-31,17.757439270355185
2092,MW-27,2022-12-31,16.717181861287102
2093,MW-27,2023-12-31,15.424936057068235
2094,MW-27,2024-12-31,13.93020564864442
2095,MW-28,2020-12-31,0.0
2096,MW-28,2021-12-31,0.0
2097,MW-28,2022-12-31,0.0
2098,MW-28,2023-12-31,0.0
2099,MW-28,2024-12-31,0.0
2100,MW-29,2020-12-31,5231.014182867
2101,MW-29,2021-12-31,5231.014182867
2102,MW-29,2022-12-31,5231.014182867
2103,MW-29,2023-12-31,5231.014182867
2104,MW-29,2024-12-31,5231.014182867
2105,MW-2d,2020-12-31,66.3035604842986
2106,MW-2d,2021-12-31,68.74959977079689
2107,MW-2d,2022-12-31,71.19563905729518
2108,MW-2d,2023-12-31,73.64167834379349
2109,MW-2d,2024-12-31,76.0899231243151
2110,MW-2s,2020-12-31,2.344457105907317
2111,MW-2s,2021-12-31,2.344457105907317
2112,MW-2s,2022-12-31,2.344457105907317
2113,MW-2s,2023-12-31,2.344457105907317
2114,MW-2s,2024-12-31,2.344457105907317
2115,MW-30d,2020-12-31,173.39457338862968
2116,MW-30d,2021-12-31,173.64576405814117
2117,MW-30d,2022-12-31,214.98484534455167
2118,MW-30d,2023-12-31,244.32013583543144
2119,MW-30d,2024-12-31,278.3353170975811
2120,MW-30i,2020-12-31,2.475797422599809
2121,MW-30i,2021-12-31,2.475797422599809
2122,MW-30i,2022-12-31,2.475797422599809
2123,MW-30i,2023-12-31,2.475797422599809
2124,MW-30i,2024-12-31,2.475797422599809
2125,MW-31,2020-12-31,12.761691958798986
2126,MW-31,2021-12-31,12.075680354885773
2127,MW-31,2022-12-31,11.38966875097256
2128,MW-31,2023-12-31,10.703657147059346
2129,MW-31,2024-12-31,10.017645543146132
2130,MW-32,2020-12-31,13.200452986447798
2131,MW-32,2021-12-31,13.200452986447798
2132,MW-32,2022-12-31,13.200452986447798
2133,MW-32,2023-12-31,13.200452986447798
2134,MW-32,2024-12-31,13.200452986447798
2135,MW-33,2020-12-31,0.0
2136,MW-33,2021-12-31,0.0
2137,MW-33,2022-12-31,0.0
2138,MW-33,2023-12-31,0.0
2139,MW-33,2024-12-31,0.0
2140,MW-34d,2020-12-31,0.0
2141,MW-34d,2021-12-31,0.0
2142,MW-34d,2022-12-31,0.0
2143,MW-34d,2023-12-31,0.0
2144,MW-34d,2024-12-31,0.0
2145,MW-34s,2020-12-31,0.0
2146,MW-34s,2021-12-31,0.0
2147,MW-34s,2022-12-31,0.0
2148,MW-34s,2023-12-31,0.0
2149,MW-34s,2024-12-31,0.0
2150,MW-35,2020-12-31,3.3073641032065395
2151,MW-35,2021-12-31,3.141562674568126
2152,MW-35,2022-12-31,2.9691754726482102
2153,MW-35,2023-12-31,2.790198525832143
2154,MW-35,2024-12-31,2.604549321783917
2155,MW-36,2020-12-31,0.0
2156,MW-36,2021-12-31,0.0
2157,MW-36,2022-12-31,0.0
2158,MW-36,2023-12-31,0.0
2159,MW-36,2024-12-31,0.0
2160,MW-37,2020-12-31,241.28492570822416
2161,MW-37,2021-12-31,240.68848199455724
2162,MW-37,2022-12-31,235.55458529343232
2163,MW-37,2023-12-31,234.50917315709643
2164,MW-37,2024-12-31,222.49158174486945
2165,MW-38d,2020-12-31,41.79535638127768
2166,MW-38d,2021-12-31,41.79535638127768
2167,MW-38d,2022-12-31,41.79535638127768
2168,MW-38d,2023-12-31,41.79535638127768
2169,MW-38d,2024-12-31,41.79535638127768
2170,MW-38s,2020-12-31,0.0
2171,MW-38s,2021-12-31,0.0
2172,MW-38s,2022-12-31,0.0
2173,MW-38s,2023-12-31,0.0
2174,MW-38s,2024-12-31,0.0
2175,MW-39d,2020-12-31,14.270884993245268
2176,MW-39d,2021-12-31,0.0
2177,MW-39d,2022-12-31,12.028319494128258
2178,MW-39d,2023-12-31,0.0
2179,MW-39d,2024-12-31,0.0
2180,MW-39s,2020-12-31,1.87498602954101
2181,MW-39s,2021-12-31,1.87498602954101
2182,MW-39s,2022-12-31,1.87498602954101
2183,MW-39s,2023-12-31,16.922049936850833
2184,MW-39s,2024-12-31,2.747932342167262
2185,MW-3d,2020-12-31,0.0
2186,MW-3d,2021-12-31,0.0
2187,MW-3d,2022-12-31,0.0
2188,MW-3d,2023-12-31,0.0
2189,MW-3d,2024-12-31,0.0
2190,MW-3s,2020-12-31,2.438052790776502
2191,MW-3s,2021-12-31,2.1831715897106263
2192,MW-3s,2022-12-31,1.934210778607914
2193,MW-3s,2023-12-31,4.037746454281117
2194,MW-3s,2024-12-31,4.048813488694798
2195,MW-400 Clarendon,2020-12-31,0.0
2196,MW-400 Clarendon,2021-12-31,0.0
2197,MW-400 Clarendon,2022-12-31,0.0
2198,MW-400 Clarendon,2023-12-31,0.0
2199,MW-400 Clarendon,2024-12-31,0.0
2200,MW-40d,2020-12-31,0.0
2201,MW-40d,2021-12-31,0.0
2202,MW-40d,2022-12-31,0.0
2203,MW-40d,2023-12-31,0.0
2204,MW-40d,2024-12-31,0.0
2205,MW-40s,2020-12-31,0.0
2206,MW-40s,2021-12-31,0.0
2207,MW-40s,2022-12-31,0.0
2208,MW-40s,2023-12-31,0.0
2209,MW-40s,2024-12-31,0.0
2210,MW-41d,2020-12-31,27.89741300944357
2211,MW-41d,2021-12-31,27.688705808952044
2212,MW-41d,2022-12-31,27.479998608460512
2213,MW-41d,2023-12-31,27.271291407968985
2214,MW-41d,2024-12-31,27.062584207477457
2215,MW-41s,2020-12-31,17.761288305067247
2216,MW-41s,2021-12-31,17.87654878158252
2217,MW-41s,2022-12-31,17.70240384068189
2218,MW-41s,2023-12-31,17.432226911455356
2219,MW-41s,2024-12-31,17.41615088106579
2220,MW-42d,2020-12-31,0.0
2221,MW-42d,2021-12-31,0.0
2222,MW-42d,2022-12-31,0.0
2223,MW-42d,2023-12-31,0.0
2224,MW-42d,2024-12-31,0.0
2225,MW-42s,2020-12-31,0.0
2226,MW-42s,2021-12-31,0.0
2227,MW-42s,2022-12-31,0.0
2228,MW-42s,2023-12-31,0.0
2229,MW-42s,2024-12-31,0.0
2230,MW-43,2020-12-31,0.0
2231,MW-43,2021-12-31,0.0
2232,MW-43,2022-12-31,0.0
2233,MW-43,2023-12-31,0.0
2234,MW-43,2024-12-31,0.0
2235,MW-44,2020-12-31,0.0
2236,MW-44,2021-12-31,0.0
2237,MW-44,2022-12-31,0.0
2238,MW-44,2023-12-31,0.0
2239,MW-44,2024-12-31,0.0
2240,MW-45d,2020-12-31,832.2575240390893
2241,MW-45d,2021-12-31,886.1801580944602
2242,MW-45d,2022-12-31,942.1438858465616
2243,MW-45d,2023-12-31,999.7717643502252
2244,MW-45d,2024-12-31,1058.933074272048
2245,MW-45s,2020-12-31,14.522173719658
2246,MW-45s,2021-12-31,14.318110169465944
2247,MW-45s,2022-12-31,14.318110169465944
2248,MW-45s,2023-12-31,14.5588981142511
2249,MW-45s,2024-12-31,14.5588981142511
2250,MW-46,2020-12-31,132.33106664468
2251,MW-46,2021-12-31,132.33106664468
2252,MW-46,2022-12-31,135.54547415546088
2253,MW-46,2023-12-31,933.5472308921858
2254,MW-46,2024-12-31,132.33106664468
2255,MW-47d,2020-12-31,0.0
2256,MW-47d,2021-12-31,0.0
2257,MW-47d,2022-12-31,0.0
2258,MW-47d,2023-12-31,0.0
2259,MW-47d,2024-12-31,0.0
2260,MW-47s,2020-12-31,0.0
2261,MW-47s,2021-12-31,0.0
2262,MW-47s,2022-12-31,0.0
2263,MW-47s,2023-12-31,0.0
2264,MW-47s,2024-12-31,0.0
2265,MW-48,2020-12-31,34.1127420888308
2266,MW-48,2021-12-31,34.1127420888308
2267,MW-48,2022-12-31,34.1127420888308
2268,MW-48,2023-12-31,34.1127420888308
2269,MW-48,2024-12-31,34.1127420888308
2270,MW-49,2020-12-31,0.0
2271,MW-49,2021-12-31,0.0
2272,MW-49,2022-12-31,0.0
2273,MW-49,2023-12-31,0.0
2274,MW-49,2024-12-31,0.0
2275,MW-4d,2020-12-31,1290.1220926938065
2276,MW-4d,2021-12-31,1615.5880521497606
2277,MW-4d,2022-12-31,1812.462529919993
2278,MW-4d,2023-12-31,1755.6130300764137
2279,MW-4d,2024-12-31,921.1313387603576
2280,MW-4s,2020-12-31,2.7240495988671665
2281,MW-4s,2021-12-31,2.7076183918463874
2282,MW-4s,2022-12-31,2.6912862962971
2283,MW-4s,2023-12-31,2.675052714388373
2284,MW-4s,2024-12-31,2.658917051895336
2285,MW-50,2020-12-31,696.495497841289
2286,MW-50,2021-12-31,675.6796470672216
2287,MW-50,2022-12-31,654.6541377992774
2288,MW-50,2023-12-31,637.5581596226561
2289,MW-50,2024-12-31,637.6348549089138
2290,MW-51,2020-12-31,0.0
2291,MW-51,2021-12-31,0.0
2292,MW-51,2022-12-31,0.0
2293,MW-51,2023-12-31,0.0
2294,MW-51,2024-12-31,0.0
2295,MW-52d,2020-12-31,0.0
2296,MW-52d,2021-12-31,0.0
2297,MW-52d,2022-12-31,0.0
2298,MW-52d,2023-12-31,0.0
2299,MW-52d,2024-12-31,0.0
2300,MW-52i,2020-12-31,7.690484036757392
2301,MW-52i,2021-12-31,5.757660120861647
2302,MW-52i,2022-12-31,2.143688895775214
2303,MW-52i,2023-12-31,3.6988578912586463
2304,MW-52i,2024-12-31,0.0
2305,MW-52s,2020-12-31,125.41825908173789
2306,MW-52s,2021-12-31,0.0
2307,MW-52s,2022-12-31,0.0
2308,MW-52s,2023-12-31,0.0
2309,MW-52s,2024-12-31,0.0
2310,MW-53d,2020-12-31,0.0
2311,MW-53d,2021-12-31,0.0
2312,MW-53d,2022-12-31,0.0
2313,MW-53d,2023-12-31,0.0
2314,MW-53d,2024-12-31,0.0
2315,MW-53i,2020-12-31,49.10818996322824
2316,MW-53i,2021-12-31,48.98640009261424
2317,MW-53i,2022-12-31,48.864610222000245
2318,MW-53i,2023-12-31,48.74282035138625
2319,MW-53i,2024-12-31,48.6206968372808
2320,MW-53s,2020-12-31,0.0
2321,MW-53s,2021-12-31,0.0
2322,MW-53s,2022-12-31,0.0
2323,MW-53s,2023-12-31,0.0
2324,MW-53s,2024-12-31,0.0
2325,MW-54d,2020-12-31,42.74336663913687
2326,MW-54d,2021-12-31,43.58093193807309
2327,MW-54d,2022-12-31,44.41849723700931
2328,MW-54d,2023-12-31,45.25606253594553
2329,MW-54d,2024-12-31,46.09592253433089
2330,MW-54s,2020-12-31,0.0
2331,MW-54s,2021-12-31,0.0
2332,MW-54s,2022-12-31,0.0
2333,MW-54s,2023-12-31,0.0
2334,MW-54s,2024-12-31,0.0
2335,MW-55,2020-12-31,26.648316673703476
2336,MW-55,2021-12-31,33.016443104648324
2337,MW-55,2022-12-31,33.711457766237416
2338,MW-55,2023-12-31,35.25622757410866
2339,MW-55,2024-12-31,35.9258583489468
2340,MW-56d,2020-12-31,0.0
2341,MW-56d,2021-12-31,0.0
2342,MW-56d,2022-12-31,0.0
2343,MW-56d,2023-12-31,0.0
2344,MW-56d,2024-12-31,0.0
2345,MW-56s,2020-12-31,63.0638237198707
2346,MW-56s,2021-12-31,61.086144263132
2347,MW-56s,2022-12-31,59.1084648063933
2348,MW-56s,2023-12-31,57.1307853496546
2349,MW-56s,2024-12-31,55.1531058929159
2350,MW-57,2020-12-31,2.932410059620179
2351,MW-57,2021-12-31,3.0068524107268697
2352,MW-57,2022-12-31,3.1010403935423287
2353,MW-57,2023-12-31,3.2389939820358347
2354,MW-57,2024-12-31,3.464460610481095
2355,MW-58d,2020-12-31,17.1574457232122
2356,MW-58d,2021-12-31,17.1574457232122
2357,MW-58d,2022-12-31,17.1574457232122
2358,MW-58d,2023-12-31,17.1574457232122
2359,MW-58d,2024-12-31,17.1574457232122
2360,MW-58s,2020-12-31,174.85674959624723
2361,MW-58s,2021-12-31,174.85674959624723
2362,MW-58s,2022-12-31,182.92909558530928
2363,MW-58s,2023-12-31,182.7355310819833
2364,MW-58s,2024-12-31,190.4472772115137
2365,MW-59d,2020-12-31,0.0
2366,MW-59d,2021-12-31,0.0
2367,MW-59d,2022-12-31,0.0
2368,MW-59d,2023-12-31,0.0
2369,MW-59d,2024-12-31,0.0
2370,MW-59s,2020-12-31,0.0
2371,MW-59s,2021-12-31,0.0
2372,MW-59s,2022-12-31,0.0
2373,MW-59s,2023-12-31,0.0
2374,MW-59s,2024-12-31,0.0
2375,MW-5d,2020-12-31,7384.090138291168
2376,MW-5d,2021-12-31,7289.941603290881
2377,MW-5d,2022-12-31,7195.793068290595
2378,MW-5d,2023-12-31,7101.644533290309
2379,MW-5d,2024-12-31,7007.495998290022
2380,MW-5s,2020-12-31,8829.59430682191
2381,MW-5s,2021-12-31,8829.59430682191
2382,MW-5s,2022-12-31,8829.59430682191
2383,MW-5s,2023-12-31,8829.59430682191
2384,MW-5s,2024-12-31,8829.59430682191
2385,MW-60,2020-12-31,2.681267313795484
2386,MW-60,2021-12-31,2.421663404762228
2387,MW-60,2022-12-31,2.162059495728972
2388,MW-60,2023-12-31,1.902455586695716
2389,MW-60,2024-12-31,1.642851677662459
2390,MW-61d,2020-12-31,4.638827590693502
2391,MW-61d,2021-12-31,5.03452426116349
2392,MW-61d,2022-12-31,5.448608258766065
2393,MW-61d,2023-12-31,5.881078674612247
2394,MW-61d,2024-12-31,6.333312465219599
2395,MW-61s,2020-12-31,13.078314385558668
2396,MW-61s,2021-12-31,13.132207680003129
2397,MW-61s,2022-12-31,12.90456171283646
2398,MW-61s,2023-12-31,12.798998128333867
2399,MW-61s,2024-12-31,12.206125442642572
2400,MW-62d,2020-12-31,0.0
2401,MW-62d,2021-12-31,0.0
2402,MW-62d,2022-12-31,0.0
2403,MW-62d,2023-12-31,0.0
2404,MW-62d,2024-12-31,0.0
2405,MW-62i,2020-12-31,0.0
2406,MW-62i,2021-12-31,0.0
2407,MW-62i,2022-12-31,0.0
2408,MW-62i,2023-12-31,0.0
2409,MW-62i,2024-12-31,0.0
2410,MW-62s,2020-12-31,0.0
2411,MW-62s,2021-12-31,0.0
2412,MW-62s,2022-12-31,0.0
2413,MW-62s,2023-12-31,0.0
2414,MW-62s,2024-12-31,0.0
2415,MW-63d,2020-12-31,0.0
2416,MW-63d,2021-12-31,0.0
2417,MW-63d,2022-12-31,0.0
2418,MW-63d,2023-12-31,0.0
2419,MW-63d,2024-12-31,0.0
2420,MW-63i,2020-12-31,0.0
2421,MW-63i,2021-12-31,0.0
2422,MW-63i,2022-12-31,0.0
2423,MW-63i,2023-12-31,0.0
2424,MW-63i,2024-12-31,0.0
2425,MW-63s,2020-12-31,0.0
2426,MW-63s,2021-12-31,0.0
2427,MW-63s,2022-12-31,0.0
2428,MW-63s,2023-12-31,0.0
2429,MW-63s,2024-12-31,0.0
2430,MW-64,2020-12-31,41.614055338995215
2431,MW-64,2021-12-31,40.8024872873254
2432,MW-64,2022-12-31,39.99656361933602
2433,MW-64,2023-12-31,39.50985290028839
2434,MW-64,2024-12-31,38.40726040417188
2435,MW-65d,2020-12-31,20.822452883603315
2436,MW-65d,2021-12-31,20.02183002370793
2437,MW-65d,2022-12-31,18.61751077024565
2438,MW-65d,2023-12-31,18.014171576181717
2439,MW-65d,2024-12-31,17.091670666630492
2440,MW-65i,2020-12-31,1.8191541527351407
2441,MW-65i,2021-12-31,1.7800346246685654
2442,MW-65i,2022-12-31,2.03378594477984
2443,MW-65i,2023-12-31,2.05627354167683
2444,MW-65i,2024-12-31,2.25783879423369
2445,MW-65s,2020-12-31,12.959938324441303
2446,MW-65s,2021-12-31,12.945898539862307
2447,MW-65s,2022-12-31,12.931858755283312
2448,MW-65s,2023-12-31,12.917818970704316
2449,MW-65s,2024-12-31,12.90377918612532
2450,MW-66,2020-12-31,1.7900017983083507
2451,MW-66,2021-12-31,1.7900017983083507
2452,MW-66,2022-12-31,1.7900017983083507
2453,MW-66,2023-12-31,1.7900017983083507
2454,MW-66,2024-12-31,1.7900017983083507
2455,MW-67,2020-12-31,0.0
2456,MW-67,2021-12-31,0.0
2457,MW-67,2022-12-31,0.0
2458,MW-67,2023-12-31,0.0
2459,MW-67,2024-12-31,0.0
2460,MW-68,2020-12-31,0.0
2461,MW-68,2021-12-31,0.0
2462,MW-68,2022-12-31,0.0
2463,MW-68,2023-12-31,0.0
2464,MW-68,2024-12-31,0.0
2465,MW-69,2020-12-31,0.0
2466,MW-69,2021-12-31,0.0
2467,MW-69,2022-12-31,0.0
2468,MW-69,2023-12-31,0.0
2469,MW-69,2024-12-31,0.0
2470,MW-70,2020-12-31,0.0
2471,MW-70,2021-12-31,0.0
2472,MW-70,2022-12-31,0.0
2473,MW-70,2023-12-31,0.0
2474,MW-70,2024-12-31,0.0
2475,MW-71,2020-12-31,554.5504389241466
2476,MW-71,2021-12-31,580.6704841276962
2477,MW-71,2022-12-31,606.790529331246
2478,MW-71,2023-12-31,632.9105745347956
2479,MW-71,2024-12-31,659.1021815060262
2480,MW-72d,2020-12-31,776.7579382750928
2481,MW-72d,2021-12-31,808.245457313828
2482,MW-72d,2022-12-31,869.7685119288583
2483,MW-72d,2023-12-31,956.8939547689424
2484,MW-72d,2024-12-31,1064.0947253418049
2485,MW-72s,2020-12-31,2.6010015533721558
2486,MW-72s,2021-12-31,2.430286066392674
2487,MW-72s,2022-12-31,2.2948323999386986
2488,MW-72s,2023-12-31,2.1856916757864493
2489,MW-72s,2024-12-31,2.0642917720205696
2490,MW-75,2020-12-31,674.2309774213021
2491,MW-75,2021-12-31,640.8799798259067
2492,MW-75,2022-12-31,609.4347787480907
2493,MW-75,2023-12-31,606.9459768145089
2494,MW-75,2024-12-31,606.0922769415538
2495,MW-76d,2020-12-31,3.159007151024471
2496,MW-76d,2021-12-31,3.1591895135045487
2497,MW-76d,2022-12-31,3.159371508262917
2498,MW-76d,2023-12-31,3.1595531358527857
2499,MW-76d,2024-12-31,3.1597349034863376
2500,MW-76i,2020-12-31,102.23813246914042
2501,MW-76i,2021-12-31,103.46267421934915
2502,MW-76i,2022-12-31,104.68721596955793
2503,MW-76i,2023-12-31,105.91175771976664
2504,MW-76i,2024-12-31,107.13965437888008
2505,MW-76s,2020-12-31,295.5125578519225
2506,MW-76s,2021-12-31,294.4762262368882
2507,MW-76s,2022-12-31,321.3696361903763
2508,MW-76s,2023-12-31,330.5310906016843
2509,MW-76s,2024-12-31,341.6342418741688
2510,MW-77,2020-12-31,1507.4287612274738
2511,MW-77,2021-12-31,1525.4282605726448
2512,MW-77,2022-12-31,1591.7419862796287
2513,MW-77,2023-12-31,1693.8732069861517
2514,MW-77,2024-12-31,1749.6985814997056
2515,MW-78,2020-12-31,28.851303281201822
2516,MW-78,2021-12-31,28.975444714916996
2517,MW-78,2022-12-31,29.138010109167965
2518,MW-78,2023-12-31,29.201101361833
2519,MW-78,2024-12-31,29.30019764750272
2520,MW-79d,2020-12-31,2.506100741094386
2521,MW-79d,2021-12-31,0.5285501077468702
2522,MW-79d,2022-12-31,1.0604290990564742
2523,MW-79d,2023-12-31,0.0
2524,MW-79d,2024-12-31,1.3900920583202137
2525,MW-79s,2020-12-31,455.2024967328306
2526,MW-79s,2021-12-31,455.20142822716326
2527,MW-79s,2022-12-31,454.8265681099175
2528,MW-79s,2023-12-31,453.9089728811945
2529,MW-79s,2024-12-31,452.4601809704279
2530,MW-81,2020-12-31,187.46720724747456
2531,MW-81,2021-12-31,146.60810473153344
2532,MW-81,2022-12-31,102.50566385238864
2533,MW-81,2023-12-31,55.15988461004018
2534,MW-81,2024-12-31,4.570767004488033
2535,MW-82d,2020-12-31,0.0
2536,MW-82d,2021-12-31,0.0
2537,MW-82d,2022-12-31,0.0
2538,MW-82d,2023-12-31,0.0
2539,MW-82d,2024-12-31,0.0
2540,MW-82s,2020-12-31,159.43832958347906
2541,MW-82s,2021-12-31,159.43832958347906
2542,MW-82s,2022-12-31,159.43832958347906
2543,MW-82s,2023-12-31,159.43832958347906
2544,MW-82s,2024-12-31,159.43832958347906
2545,MW-83d,2020-12-31,0.0
2546,MW-83d,2021-12-31,0.0
2547,MW-83d,2022-12-31,0.0
2548,MW-83d,2023-12-31,0.0
2549,MW-83d,2024-12-31,0.0
2550,MW-84d,2020-12-31,0.0
2551,MW-84d,2021-12-31,0.0
2552,MW-84d,2022-12-31,0.0
2553,MW-84d,2023-12-31,0.0
2554,MW-84d,2024-12-31,0.0
2555,MW-84s,2020-12-31,112.60073873845096
2556,MW-84s,2021-12-31,119.22843957180658
2557,MW-84s,2022-12-31,125.85614040516214
2558,MW-84s,2023-12-31,132.48384123851775
2559,MW-84s,2024-12-31,139.13169913856484
2560,MW-85,2020-12-31,628.0216125470947
2561,MW-85,2021-12-31,566.5908702433196
2562,MW-85,2022-12-31,649.4273858549984
2563,MW-85,2023-12-31,555.6678515354067
2564,MW-85,2024-12-31,254.72707495888568
2565,MW-86,2020-12-31,0.0
2566,MW-86,2021-12-31,0.0
2567,MW-86,2022-12-31,0.0
2568,MW-86,2023-12-31,0.0
2569,MW-86,2024-12-31,0.0
2570,MW-87d,2020-12-31,551.0585161924375
2571,MW-87d,2021-12-31,557.3252967474396
2572,MW-87d,2022-12-31,566.0528334855077
2573,MW-87d,2023-12-31,577.241126406642
2574,MW-87d,2024-12-31,590.883183935905
2575,MW-87s,2020-12-31,685.8403206527837
2576,MW-87s,2021-12-31,708.8077068978264
2577,MW-87s,2022-12-31,731.9496234491999
2578,MW-87s,2023-12-31,755.2666593668924
2579,MW-87s,2024-12-31,764.6073484537452
2580,MW-88,2020-12-31,0.0
2581,MW-88,2021-12-31,0.0
2582,MW-88,2022-12-31,0.0
2583,MW-88,2023-12-31,0.0
2584,MW-88,2024-12-31,0.0
2585,MW-89,2020-12-31,0.0
2586,MW-89,2021-12-31,0.0
2587,MW-89,2022-12-31,0.0
2588,MW-89,2023-12-31,0.0
2589,MW-89,2024-12-31,0.0
2590,MW-8d,2020-12-31,0.0
2591,MW-8d,2021-12-31,0.0
2592,MW-8d,2022-12-31,0.0
2593,MW-8d,2023-12-31,0.0
2594,MW-8d,2024-12-31,0.0
2595,MW-8s,2020-12-31,0.0
2596,MW-8s,2021-12-31,0.0
2597,MW-8s,2022-12-31,0.0
2598,MW-8s,2023-12-31,0.0
2599,MW-8s,2024-12-31,0.0
2600,MW-90,2020-12-31,21.0
2601,MW-90,2021-12-31,26.0
2602,MW-90,2022-12-31,28.0
2603,MW-90,2023-12-31,28.0
2604,MW-90,2024-12-31,29.0
2605,MW-91,2020-12-31,203.3044603149566
2606,MW-91,2021-12-31,202.5782287804807
2607,MW-91,2022-12-31,201.81558094999025
2608,MW-91,2023-12-31,201.02599926053855
2609,MW-91,2024-12-31,200.2035055276615
2610,MW-92,2020-12-31,51.05989108899072
2611,MW-92,2021-12-31,84.27743687391916
2612,MW-92,2022-12-31,221.52711074418735
2613,MW-92,2023-12-31,1541.157632517073
2614,MW-92,2024-12-31,76066.60901791374
2615,MW-93,2020-12-31,4.881345947445764
2616,MW-93,2021-12-31,4.881345947445764
2617,MW-93,2022-12-31,4.881345947445764
2618,MW-93,2023-12-31,4.881345947445764
2619,MW-93,2024-12-31,3.4621388050406847
2620,MW-94d,2020-12-31,1.8860773069780468
2621,MW-94d,2021-12-31,2.3295765969732147
2622,MW-94d,2022-12-31,2.4880377358850336
2623,MW-94d,2023-12-31,2.6005040607397123
2624,MW-94d,2024-12-31,2.707488548698697
2625,MW-94s,2020-12-31,688.7206532075379
2626,MW-94s,2021-12-31,891.8541304029327
2627,MW-94s,2022-12-31,2112.948251664955
2628,MW-94s,2023-12-31,2740.3452787725005
2629,MW-94s,2024-12-31,2833.896475936297
2630,MW-95,2020-12-31,31.23665054336568
2631,MW-95,2021-12-31,33.07262114696125
2632,MW-95,2022-12-31,34.9085917505568
2633,MW-95,2023-12-31,36.74456235415237
2634,MW-95,2024-12-31,38.58556301419615
2635,MW-96,2020-12-31,142.42029261113632
2636,MW-96,2021-12-31,142.42029261113632
2637,MW-96,2022-12-31,142.42029261113632
2638,MW-96,2023-12-31,142.42029261113632
2639,MW-96,2024-12-31,142.42029261113632
2640,MW-97d,2020-12-31,0.0
2641,MW-97d,2021-12-31,0.0
2642,MW-97d,2022-12-31,0.0
2643,MW-97d,2023-12-31,0.0
2644,MW-97d,2024-12-31,0.0
2645,MW-97s,2020-12-31,0.0
2646,MW-97s,2021-12-31,0.0
2647,MW-97s,2022-12-31,0.0
2648,MW-97s,2023-12-31,0.0
2649,MW-97s,2024-12-31,0.0
2650,MW-98d,2020-12-31,14.853298757786089
2651,MW-98d,2021-12-31,15.298502232325877
2652,MW-98d,2022-12-31,15.743705706865669
2653,MW-98d,2023-12-31,16.18890918140546
2654,MW-98d,2024-12-31,16.634185710870444
2655,MW-98s,2020-12-31,0.0
2656,MW-98s,2021-12-31,0.0
2657,MW-98s,2022-12-31,0.0
2658,MW-98s,2023-12-31,0.0
2659,MW-98s,2024-12-31,0.0
2660,MW-99d,2020-12-31,0.0
2661,MW-99d,2021-12-31,0.0
2662,MW-99d,2022-12-31,0.0
2663,MW-99d,2023-12-31,0.0
2664,MW-99d,2024-12-31,0.0
2665,MW-99s,2020-12-31,0.0
2666,MW-99s,2021-12-31,0.0
2667,MW-99s,2022-12-31,0.0
2668,MW-99s,2023-12-31,0.0
2669,MW-99s,2024-12-31,0.0
2670,MW-9d,2020-12-31,0.0
2671,MW-9d,2021-12-31,0.0
2672,MW-9d,2022-12-31,0.0
2673,MW-9d,2023-12-31,0.0
2674,MW-9d,2024-12-31,0.0
2675,MW-BE-1d,2020-12-31,604.572180592197
2676,MW-BE-1d,2021-12-31,604.572180592197
2677,MW-BE-1d,2022-12-31,604.572180592197
2678,MW-BE-1d,2023-12-31,604.572180592197
2679,MW-BE-1d,2024-12-31,604.572180592197
2680,MW-BE-1s,2020-12-31,779.9664316677778
2681,MW-BE-1s,2021-12-31,827.9029405850246
2682,MW-BE-1s,2022-12-31,844.9225477156492
2683,MW-BE-1s,2023-12-31,844.9999865953081
2684,MW-BE-1s,2024-12-31,855.4616229820354
2685,MW-KD-1d,2020-12-31,209.0646304036028
2686,MW-KD-1d,2021-12-31,217.39923724608465
2687,MW-KD-1d,2022-12-31,227.0621229810704
2688,MW-KD-1d,2023-12-31,237.1809386033985
2689,MW-KD-1d,2024-12-31,248.07256341304645
2690,MW-KD-1s,2020-12-31,96.60120226772692
2691,MW-KD-1s,2021-12-31,104.47962948253182
2692,MW-KD-1s,2022-12-31,112.75214840269808
2693,MW-KD-1s,2023-12-31,121.41875902822572
2694,MW-KD-1s,2024-12-31,130.47946135911474
2695,MW-KZ-1,2020-12-31,0.0
2696,MW-KZ-1,2021-12-31,0.0
2697,MW-KZ-1,2022-12-31,0.0
2698,MW-KZ-1,2023-12-31,0.0
2699,MW-KZ-1,2024-12-31,0.0
2700,NMW-1d,2020-12-31,551.200390995949
2701,NMW-1d,2021-12-31,551.200390995949
2702,NMW-1d,2022-12-31,551.200390995949
2703,NMW-1d,2023-12-31,551.200390995949
2704,NMW-1d,2024-12-31,551.200390995949
2705,NMW-1s,2020-12-31,2199.190498354418
2706,NMW-1s,2021-12-31,2337.916753508978
2707,NMW-1s,2022-12-31,2400.888381077818
2708,NMW-1s,2023-12-31,2484.293108878684
2709,NMW-1s,2024-12-31,2563.623447017745
2710,NMW-2d,2020-12-31,814.3370378850236
2711,NMW-2d,2021-12-31,783.9688395053406
2712,NMW-2d,2022-12-31,837.7279567310303
2713,NMW-2d,2023-12-31,842.8670177985372
2714,NMW-2d,2024-12-31,836.4642218771487
2715,NMW-2s,2020-12-31,2269.8569857398347
2716,NMW-2s,2021-12-31,2269.8569857398347
2717,NMW-2s,2022-12-31,2269.8569857398347
2718,NMW-2s,2023-12-31,2269.8569857398347
2719,NMW-2s,2024-12-31,2226.5703119322943
2720,NMW-3d,2020-12-31,576.1259958135118
2721,NMW-3d,2021-12-31,566.5899806231529
2722,NMW-3d,2022-12-31,557.7723602965724
2723,NMW-3d,2023-12-31,549.6731348337698
2724,NMW-3d,2024-12-31,542.2942724398517
2725,NMW-3s,2020-12-31,491.4702978953927
2726,NMW-3s,2021-12-31,482.489420395803
2727,NMW-3s,2022-12-31,482.489420395803
2728,NMW-3s,2023-12-31,482.489420395803
2729,NMW-3s,2024-12-31,482.489420395803
2730,Phase I Extraction Well 1,2020-12-31,181.21234438844
2731,Phase I Extraction Well 1,2021-12-31,181.21234438844
2732,Phase I Extraction Well 1,2022-12-31,181.21234438844
2733,Phase I Extraction Well 1,2023-12-31,181.21234438844
2734,Phase I Extraction Well 1,2024-12-31,181.21234438844
2735,Phase I Extraction Well 2,2020-12-31,174.13883123916693
2736,Phase I Extraction Well 2,2021-12-31,177.2697772313797
2737,Phase I Extraction Well 2,2022-12-31,180.4007232235924
2738,Phase I Extraction Well 2,2023-12-31,183.5316692158051
2739,Phase I Extraction Well 2,2024-12-31,186.67119314224303
2740,Phase I Extraction Well 3,2020-12-31,488.99759201015456
2741,Phase I Extraction Well 3,2021-12-31,575.294096797923
2742,Phase I Extraction Well 3,2022-12-31,575.294096797923
2743,Phase I Extraction Well 3,2023-12-31,572.8928721812541
2744,Phase I Extraction Well 3,2024-12-31,572.560468880347
2745,PMW-1,2020-12-31,151.331066827693
2746,PMW-1,2021-12-31,151.331066827693
2747,PMW-1,2022-12-31,151.331066827693
2748,PMW-1,2023-12-31,151.331066827693
2749,PMW-1,2024-12-31,151.331066827693
2750,PMW-2,2020-12-31,4155.131026947168
2751,PMW-2,2021-12-31,4155.131026947168
2752,PMW-2,2022-12-31,4155.131026947168
2753,PMW-2,2023-12-31,4155.131026947168
2754,PMW-2,2024-12-31,4155.131026947168
2755,PMW-3,2020-12-31,6717.951017816867
2756,PMW-3,2021-12-31,6553.261455094565
2757,PMW-3,2022-12-31,6351.873915450605
2758,PMW-3,2023-12-31,6180.817719514419
2759,PMW-3,2024-12-31,6001.114255996153
2760,PMW-4,2020-12-31,677.140868564508
2761,PMW-4,2021-12-31,677.140868564508
2762,PMW-4,2022-12-31,677.140868564508
2763,PMW-4,2023-12-31,677.140868564508
2764,PMW-4,2024-12-31,677.814412678552
2765,Potential Phase II Extraction Well 1,2020-12-31,188.117239566794
2766,Potential Phase II Extraction Well 1,2021-12-31,188.3472869188001
2767,Potential Phase II Extraction Well 1,2022-12-31,188.60959654229197
2768,Potential Phase II Extraction Well 1,2023-12-31,188.8403419560281
2769,Potential Phase II Extraction Well 1,2024-12-31,182.1787372456435
2770,PW-1,2020-12-31,737.4488606221236
2771,PW-1,2021-12-31,747.5028430965996
2772,PW-1,2022-12-31,757.5568255710754
2773,PW-1,2023-12-31,767.6108080455514
2774,PW-1,2024-12-31,777.6923356774918
2775,REDSKIN,2020-12-31,0.0
2776,REDSKIN,2021-12-31,0.0
2777,REDSKIN,2022-12-31,0.0
2778,REDSKIN,2023-12-31,0.0
2779,REDSKIN,2024-12-31,0.0
2780,RL-1,2020-12-31,0.0
2781,RL-1,2021-12-31,0.0
2782,RL-1,2022-12-31,0.0
2783,RL-1,2023-12-31,0.0
2784,RL-1,2024-12-31,0.0
2785,RL-10,2020-12-31,0.0
2786,RL-10,2021-12-31,0.0
2787,RL-10,2022-12-31,0.0
2788,RL-10,2023-12-31,0.0
2789,RL-10,2024-12-31,0.0
2790,RL-11,2020-12-31,0.0
2791,RL-11,2021-12-31,0.0
2792,RL-11,2022-12-31,0.0
2793,RL-11,2023-12-31,0.0
2794,RL-11,2024-12-31,0.0
2795,RL-12,2020-12-31,0.0
2796,RL-12,2021-12-31,0.0
2797,RL-12,2022-12-31,0.0
2798,RL-12,2023-12-31,0.0
2799,RL-12,2024-12-31,0.0
2800,RL-13,2020-12-31,0.0
2801,RL-13,2021-12-31,0.0
2802,RL-13,2022-12-31,0.0
2803,RL-13,2023-12-31,0.0
2804,RL-13,2024-12-31,0.0
2805,RL-17,2020-12-31,0.0
2806,RL-17,2021-12-31,0.0
2807,RL-17,2022-12-31,0.0
2808,RL-17,2023-12-31,0.0
2809,RL-17,2024-12-31,0.0
2810,RL-19,2020-12-31,0.0
2811,RL-19,2021-12-31,0.0
2812,RL-19,2022-12-31,0.0
2813,RL-19,2023-12-31,0.0
2814,RL-19,2024-12-31,0.0
2815,RL-2,2020-12-31,0.0
2816,RL-2,2021-12-31,0.0
2817,RL-2,2022-12-31,0.0
2818,RL-2,2023-12-31,0.0
2819,RL-2,2024-12-31,0.0
2820,RL-21,2020-12-31,0.0
2821,RL-21,2021-12-31,0.0
2822,RL-21,2022-12-31,0.0
2823,RL-21,2023-12-31,0.0
2824,RL-21,2024-12-31,0.0
2825,RL-22,2020-12-31,0.0
2826,RL-22,2021-12-31,0.0
2827,RL-22,2022-12-31,0.0
2828,RL-22,2023-12-31,0.0
2829,RL-22,2024-12-31,0.0
2830,RL-3,2020-12-31,0.0
2831,RL-3,2021-12-31,0.0
2832,RL-3,2022-12-31,0.0
2833,RL-3,2023-12-31,0.0
2834,RL-3,2024-12-31,0.0
2835,RL-4,2020-12-31,0.0
2836,RL-4,2021-12-31,0.0
2837,RL-4,2022-12-31,0.0
2838,RL-4,2023-12-31,0.0
2839,RL-4,2024-12-31,0.0
2840,RL-5,2020-12-31,0.0
2841,RL-5,2021-12-31,0.0
2842,RL-5,2022-12-31,0.0
2843,RL-5,2023-12-31,0.0
2844,RL-5,2024-12-31,0.0
2845,RL-6,2020-12-31,0.0
2846,RL-6,2021-12-31,0.0
2847,RL-6,2022-12-31,0.0
2848,RL-6,2023-12-31,0.0
2849,RL-6,2024-12-31,0.0
2850,RL-7,2020-12-31,0.0
2851,RL-7,2021-12-31,0.0
2852,RL-7,2022-12-31,0.0
2853,RL-7,2023-12-31,0.0
2854,RL-7,2024-12-31,0.0
2855,RL-8,2020-12-31,0.0
2856,RL-8,2021-12-31,0.0
2857,RL-8,2022-12-31,0.0
2858,RL-8,2023-12-31,0.0
2859,RL-8,2024-12-31,0.0
2860,Saginaw Forest Cabin #1,2020-12-31,0.0
2861,Saginaw Forest Cabin #1,2021-12-31,0.0
2862,Saginaw Forest Cabin #1,2022-12-31,0.0
2863,Saginaw Forest Cabin #1,2023-12-31,0.0
2864,Saginaw Forest Cabin #1,2024-12-31,0.0
2865,Saginaw Forest Cabin #2,2020-12-31,0.0
2866,Saginaw Forest Cabin #2,2021-12-31,0.0
2867,Saginaw Forest Cabin #2,2022-12-31,0.0
2868,Saginaw Forest Cabin #2,2023-12-31,0.0
2869,Saginaw Forest Cabin #2,2024-12-31,0.0
2870,Saginaw Forest Cabin #4,2020-12-31,0.0
2871,Saginaw Forest Cabin #4,2021-12-31,0.0
2872,Saginaw Forest Cabin #4,2022-12-31,0.0
2873,Saginaw Forest Cabin #4,2023-12-31,0.0
2874,Saginaw Forest Cabin #4,2024-12-31,0.0
2875,Second Sister Lake,2020-12-31,0.0
2876,Second Sister Lake,2021-12-31,0.0
2877,Second Sister Lake,2022-12-31,0.0
2878,Second Sister Lake,2023-12-31,0.0
2879,Second Sister Lake,2024-12-31,0.0
2880,Third Sister Lake,2020-12-31,3.689430326278696
2881,Third Sister Lake,2021-12-31,3.576824150700165
2882,Third Sister Lake,2022-12-31,3.4620538400075778
2883,Third Sister Lake,2023-12-31,3.345119394200933
2884,Third Sister Lake,2024-12-31,3.2260148841429337
2885,TW-1,2020-12-31,45.71197250501543
2886,TW-1,2021-12-31,39.02275285499552
2887,TW-1,2022-12-31,33.312394038891775
2888,TW-1,2023-12-31,28.437655352660016
2889,TW-1,2024-12-31,24.2762570895543
2890,TW-10,2020-12-31,0.0
2891,TW-10,2021-12-31,0.0
2892,TW-10,2022-12-31,0.0
2893,TW-10,2023-12-31,0.0
2894,TW-10,2024-12-31,0.0
2895,TW-11,2020-12-31,201.75764774147967
2896,TW-11,2021-12-31,201.22711451065328
2897,TW-11,2022-12-31,200.69797634718697
2898,TW-11,2023-12-31,200.1702295826716
2899,TW-11,2024-12-31,199.6438705583444
2900,TW-12,2020-12-31,20.523747068975112
2901,TW-12,2021-12-31,20.807740370662696
2902,TW-12,2022-12-31,21.576975842616772
2903,TW-12,2023-12-31,20.78929054054812
2904,TW-12,2024-12-31,18.15706657766903
2905,TW-13,2020-12-31,564.5086083222876
2906,TW-13,2021-12-31,556.9982113815028
2907,TW-13,2022-12-31,549.4878144407178
2908,TW-13,2023-12-31,541.9774174999327
2909,TW-13,2024-12-31,534.4371745937824
2910,TW-14,2020-12-31,25.957024936443272
2911,TW-14,2021-12-31,21.303616895907783
2912,TW-14,2022-12-31,17.41104257240131
2913,TW-14,2023-12-31,14.169727476575138
2914,TW-14,2024-12-31,11.482875646817696
2915,TW-15,2020-12-31,191.5335115011269
2916,TW-15,2021-12-31,191.3281398749468
2917,TW-15,2022-12-31,191.2010598435276
2918,TW-15,2023-12-31,191.12231403571005
2919,TW-15,2024-12-31,191.07347615440383
2920,TW-16,2020-12-31,735.1917703358811
2921,TW-16,2021-12-31,741.6103115187434
2922,TW-16,2022-12-31,748.0288527015459
2923,TW-16,2023-12-31,753.2399459618645
2924,TW-16,2024-12-31,757.5513475738504
2925,TW-17,2020-12-31,416.80534394906897
2926,TW-17,2021-12-31,416.80534394906897
2927,TW-17,2022-12-31,416.80534394906897
2928,TW-17,2023-12-31,416.80534394906897
2929,TW-17,2024-12-31,416.80534394906897
2930,TW-18,2020-12-31,284.0773777405813
2931,TW-18,2021-12-31,292.51102360817265
2932,TW-18,2022-12-31,295.7771426584961
2933,TW-18,2023-12-31,297.0522868305263
2934,TW-18,2024-12-31,297.5516788660445
2935,TW-19,2020-12-31,585.2743269263159
2936,TW-19,2021-12-31,545.8969981006982
2937,TW-19,2022-12-31,506.5196692750804
2938,TW-19,2023-12-31,467.1423404494626
2939,TW-19,2024-12-31,427.7650116238448
2940,TW-20,2020-12-31,907.1836093709752
2941,TW-20,2021-12-31,910.9306845452728
2942,TW-20,2022-12-31,922.2967813987289
2943,TW-20,2023-12-31,943.404749977998
2944,TW-20,2024-12-31,974.6451502918362
2945,TW-21,2020-12-31,241.1596539114321
2946,TW-21,2021-12-31,333.0577412374779
2947,TW-21,2022-12-31,385.0976239721247
2948,TW-21,2023-12-31,440.9841057991589
2949,TW-21,2024-12-31,466.0294043284734
2950,TW-22,2020-12-31,444.692061350491
2951,TW-22,2021-12-31,444.692061350491
2952,TW-22,2022-12-31,444.692061350491
2953,TW-22,2023-12-31,444.692061350491
2954,TW-22,2024-12-31,444.692061350491
2955,TW-23,2020-12-31,490.238933785805
2956,TW-23,2021-12-31,490.238933785805
2957,TW-23,2022-12-31,490.238933785805
2958,TW-23,2023-12-31,490.238933785805
2959,TW-23,2024-12-31,490.238933785805
2960,TW-28,2020-12-31,673.489937355649
2961,TW-28,2021-12-31,673.489937355649
2962,TW-28,2022-12-31,673.489937355649
2963,TW-28,2023-12-31,673.489937355649
2964,TW-28,2024-12-31,673.489937355649
2965,TW-3,2020-12-31,0.0
2966,TW-3,2021-12-31,0.0
2967,TW-3,2022-12-31,0.0
2968,TW-3,2023-12-31,0.0
2969,TW-3,2024-12-31,0.0
2970,TW-4,2020-12-31,51.09599746960781
2971,TW-4,2021-12-31,51.12347363346679
2972,TW-4,2022-12-31,50.632454907340055
2973,TW-4,2023-12-31,49.424210374726734
2974,TW-4,2024-12-31,46.27316656335406
2975,TW-5,2020-12-31,inf
2976,TW-5,2021-12-31,inf
2977,TW-5,2022-12-31,inf
2978,TW-5,2023-12-31,inf
2979,TW-5,2024-12-31,inf
2980,TW-6,2020-12-31,57.5567321824442
2981,TW-6,2021-12-31,58.12006620933084
2982,TW-6,2022-12-31,58.517601293281
2983,TW-6,2023-12-31,58.79280893293568
2984,TW-6,2024-12-31,59.01486878015166
2985,TW-7,2020-12-31,0.0
2986,TW-7,2021-12-31,0.0
2987,TW-7,2022-12-31,0.0
2988,TW-7,2023-12-31,0.0
2989,TW-7,2024-12-31,0.0
2990,TW-8,2020-12-31,688.8233595608126
2991,TW-8,2021-12-31,695.6078191414148
2992,TW-8,2022-12-31,688.648241266417
2993,TW-8,2023-12-31,697.2347002030139
2994,TW-8,2024-12-31,695.0666294626956
2995,TW-9,2020-12-31,579.2463833622919
2996,TW-9,2021-12-31,533.6970611185086
2997,TW-9,2022-12-31,478.9464400864366
2998,TW-9,2023-12-31,423.5265051950344
2999,TW-9,2024-12-31,371.9636220605535
3000,Varsity Ford,2020-12-31,2.4804863606729244
3001,Varsity Ford,2021-12-31,2.475546324980209
3002,Varsity Ford,2022-12-31,2.4706062892874936
3003,Varsity Ford,2023-12-31,2.465666253594778
3004,Varsity Ford,2024-12-31,2.460726217902063
